79	-66	21	-94	-60	68	92	63	-5	90	5	-43	64	59	59	47	-2	37	-41	52	30	-18	-51	94	13	-73	41	65	-55	-97	-57	16	77	40	45	17	-20	91	-46	-92	-27	-17	85	84	56	63	-5	51	2	-44	70	-88	-39	-94	29	-1	-10	-59	-92	17	96	-50	12	95	-56	47	-55	-45	-46	8	71	51	51	-36	-73	-72	59	-79	-93	67	-17	83	-56	28	94	-20	-83	-87	56	-96	-52	54	13	24	27	74	86	-24	11	79
-18	-48	-15	-67	63	42	-75	-59	0	30	55	-18	-80	0	78	80	9	-25	95	-23	-84	-30	-31	72	-24	-39	63	-15	-24	-9	60	-97	-72	75	67	47	75	-87	66	-13	-64	-8	97	-50	-47	-85	67	84	14	80	10	53	21	56	-1	7	4	-69	-27	-76	-4	-30	29	-46	-88	-56	-63	-78	71	51	97	95	-42	-96	-55	-71	-97	-73	49	-11	-2	16	21	-3	38	97	27	-64	-66	60	-54	-92	58	37	0	-70	58	-77	47	25
-65	62	-61	43	92	49	-27	-10	0	-57	-83	32	-26	-84	79	1	42	35	-92	31	-25	68	11	-91	-50	67	-44	-86	19	-64	-16	-13	-20	47	-93	-49	75	-23	-7	-65	82	-37	-57	7	-88	4	12	-57	1	-37	-83	-67	4	85	55	19	48	72	-27	-43	68	58	-51	-11	-5	32	-62	-97	38	58	-13	23	-96	-84	53	55	-35	-76	-54	52	45	-34	-56	11	24	-19	-45	-89	-24	-49	-65	-11	-26	45	36	71	33	-42	-61	-64
-65	-30	86	-52	4	-13	64	-52	69	-89	0	4	6	19	1	-31	60	95	-41	-3	36	-63	-37	16	11	-37	-7	16	32	-81	76	86	32	95	-15	-50	15	15	37	90	-56	89	-13	-36	48	10	74	10	51	-58	-41	-30	35	-10	-16	-30	-23	-33	14	-62	27	35	61	89	-10	62	87	-70	51	-63	-11	3	-57	-60	-59	74	-9	17	-29	17	36	82	-35	-9	59	58	-31	62	65	38	5	5	-55	77	-76	-85	-25	28	75	11
23	59	-17	22	-98	51	-35	76	24	-94	15	-32	-48	-52	-70	35	-25	70	-92	28	54	94	66	72	-34	14	-45	54	49	-42	-48	80	-74	-91	48	-33	60	22	77	-84	-56	52	-45	75	-9	94	45	15	-47	12	-55	28	-78	3	-23	-44	3	-50	55	-32	-73	-29	-19	29	-9	23	-5	83	76	79	92	35	62	24	-49	50	92	-82	65	28	-95	1	9	-29	-27	-99	-1	38	-55	-49	-53	32	-50	-88	95	65	79	89	19	58
87	5	63	-18	97	-9	-53	-77	46	78	-80	-30	-5	-17	40	5	-48	-10	-51	22	58	75	-65	15	-33	41	-51	67	99	-28	67	53	-66	81	-91	-17	-32	23	60	51	-28	92	-96	25	38	-82	-64	-84	61	-22	65	66	-69	55	35	-45	-23	-19	-78	-79	-69	-34	-77	-90	54	63	47	-70	65	-54	-53	11	-20	25	11	-16	-70	68	84	-22	-33	78	-98	93	5	-36	59	-24	-42	-42	15	-7	88	-35	12	14	23	54	76	39
58	-7	26	20	21	-53	80	17	9	-78	31	-86	53	-78	-38	-32	19	49	91	12	-58	-11	-97	-28	-77	-84	-68	-38	76	25	46	3	0	-68	-95	11	48	-43	93	48	-91	84	3	-20	-39	-46	-7	-23	24	-42	-23	62	75	-62	-93	75	-93	-42	-79	33	-51	-37	-34	-80	-53	-54	8	5	-75	51	-85	-40	-89	-56	61	23	15	66	-48	-57	-43	-77	-49	66	-54	24	61	-47	-75	-79	58	-20	26	-68	26	-74	86	58	10	18
37	-73	-44	47	-14	-73	-2	3	-98	46	-95	-42	-89	-83	-24	92	-13	-22	22	54	-19	-83	13	-12	-38	-100	92	49	-59	52	-15	-2	36	53	2	-79	10	-49	82	97	-35	-17	-77	71	-86	-2	13	-10	-28	14	15	-95	21	-4	-15	73	-85	-64	-57	-80	-62	-71	86	-96	-94	-95	56	61	-83	-60	-79	-31	63	-4	-8	-89	-40	-69	26	33	74	77	76	38	-27	-16	52	-47	63	-63	87	53	2	93	55	24	-19	-85	-76	-33
5	-2	-5	63	65	97	-28	-23	-26	-59	53	13	87	72	54	42	-85	97	-13	58	14	41	30	-60	-2	-71	95	34	-33	26	-39	50	-28	-12	-11	45	-35	71	-71	-94	50	31	-10	7	-17	-41	-80	-77	-43	-32	20	-40	-89	-58	61	70	-19	3	-5	-46	22	63	30	-33	66	-52	-40	-67	14	93	-35	-25	4	-51	35	17	68	-26	-94	-74	-60	-74	74	-3	-76	11	-32	68	-47	30	77	-9	10	10	70	59	-39	97	27	-68
-85	-51	-71	94	-58	89	-19	-80	-12	29	46	58	68	-85	31	45	50	-77	13	-79	66	33	26	70	25	41	49	-72	-33	86	61	-34	72	-28	20	-31	5	12	85	-56	42	94	-53	73	11	-43	-94	-12	21	-29	14	-42	10	-80	-77	-80	-45	85	-96	-77	-89	44	-26	-40	28	-56	60	93	90	-2	-68	29	83	-53	-64	74	-61	45	32	70	73	-72	-9	-63	30	-51	57	-23	-53	64	-57	34	95	70	16	58	-69	74	-47	-78
-76	41	-75	25	58	20	-35	24	31	0	95	-57	-44	-60	-9	-22	-71	-19	-71	41	-97	96	-15	-98	-78	-46	-44	-72	53	61	-47	-72	34	-46	43	43	58	-60	51	-76	-63	-57	15	10	84	-53	3	26	-31	-65	-93	-2	-33	84	-56	88	88	-34	-87	-24	-28	94	-70	-64	100	61	-78	-93	-75	-32	-57	-87	56	-13	95	-93	-6	25	5	-45	48	20	72	-57	45	-92	-86	-20	6	17	-90	-82	-98	98	75	-57	-65	4	85	15
-30	21	35	91	-94	36	25	-75	75	-90	69	-88	72	-82	-56	-11	-73	-25	-18	64	-75	-29	-42	71	2	67	-90	63	63	-66	3	-54	91	62	67	-94	-15	-97	-45	-80	-80	18	36	17	38	27	64	-17	65	34	-89	70	45	30	-72	44	-83	69	-14	-52	70	78	49	66	20	62	-80	-5	58	-57	81	16	-93	81	-32	-50	39	40	42	65	91	58	59	-60	-99	-58	33	73	98	46	-54	60	45	-65	88	3	92	-63	-92	-2
-92	-13	67	44	-16	10	34	-64	55	30	89	-12	-31	-60	-68	75	-30	-31	-1	26	-7	-53	13	-88	-69	34	52	-98	31	-18	82	15	-99	59	-59	-86	25	10	73	24	74	2	66	-7	52	79	-12	13	-63	-69	65	-99	-73	30	84	20	77	62	9	-34	88	21	66	87	80	-74	2	-60	-8	-22	83	-62	72	-29	37	5	18	88	32	98	-77	-24	-82	76	-67	17	30	65	-78	58	-31	15	36	-8	47	49	55	41	12	24
95	-69	-1	21	30	-35	83	-52	18	-81	-94	-51	35	-70	39	-1	73	-55	21	48	30	4	-33	5	97	73	90	1	55	-64	67	80	-72	77	68	59	-59	-89	-80	67	-12	57	64	-37	62	90	71	65	53	40	0	-75	6	66	18	30	79	-77	-48	62	91	14	-13	97	-39	52	-10	-79	65	-96	1	55	-20	-46	90	55	-2	10	70	21	-61	-60	7	-91	-66	-79	-26	-85	15	-97	73	-84	-77	-59	-44	7	-12	-23	-84	18
-93	-55	-38	-15	50	25	-94	80	45	38	-59	47	95	42	-81	59	-38	-24	-77	93	42	44	39	76	57	-99	85	17	10	-69	-91	70	31	-51	15	-6	-85	-47	-38	-82	-54	-15	62	-68	-34	-35	37	32	45	-94	-58	-19	74	3	-4	33	-61	-58	58	-53	-35	-42	88	20	-14	63	23	-79	-23	50	67	-31	-63	-8	63	55	87	56	-18	-82	-95	-67	-62	-46	-76	45	-34	14	-25	16	84	23	-10	11	-93	-4	68	-4	50	-97
54	38	80	-43	-86	-45	-97	45	-98	-30	-29	33	72	-13	34	24	16	-53	31	-49	-63	-2	-51	65	3	2	-51	42	48	94	-55	-7	-2	-94	64	-6	100	-76	-27	0	75	-91	-43	-22	100	-13	11	41	-2	-15	91	-1	78	-85	69	-58	-39	64	-29	91	-83	97	-56	13	-54	27	32	-41	-14	83	46	-1	69	42	79	10	17	-41	-72	-89	-32	-36	72	59	21	-73	-78	42	-86	-5	-53	17	51	72	-48	-76	-48	-59	-49	35
26	80	15	-96	-19	83	-17	-12	71	-49	29	-69	85	-88	-11	54	-77	81	44	76	60	-74	22	-81	26	-94	-46	-50	-21	87	-71	-92	0	37	13	85	82	34	17	-54	-59	8	-43	72	-12	6	-96	-72	-66	84	38	-17	92	34	-77	77	-69	9	-25	25	9	-85	-19	-4	75	-16	-65	18	-86	-65	10	-31	-58	-66	-54	85	-99	46	-13	17	42	56	-42	-96	-34	89	-27	-14	-40	65	40	-30	-72	-39	86	-80	-26	-92	19	-49
6	-73	-63	-94	96	28	-8	41	52	-75	-80	-58	93	-19	-10	-44	-84	86	55	-32	36	47	39	86	35	-60	-51	74	-84	-8	-19	-48	-21	58	-12	-33	-7	-47	-38	-62	-20	-53	-87	-94	68	-83	100	-90	81	92	34	-47	-50	36	-77	-68	-83	-55	73	49	5	13	18	51	-49	64	34	-76	82	-63	-74	-8	-32	13	10	-98	81	-40	-65	-89	-81	-20	-39	-11	-95	-9	48	17	-29	-45	73	97	61	88	-95	-84	69	98	32	-67
-40	-15	96	-73	-78	-21	32	-31	-34	-43	76	-14	-78	11	-22	14	-4	57	-65	75	55	31	7	-36	86	99	5	64	-67	-40	10	29	26	77	10	18	90	-30	45	73	72	52	-47	2	-42	-16	-79	78	-15	-94	95	-2	98	70	69	56	-18	95	49	75	12	-23	-19	-62	-59	17	-44	47	62	-60	78	-3	87	-31	-5	69	-77	-46	62	50	13	-2	7	43	-76	4	31	21	-51	52	-59	83	-17	43	-97	-52	80	-75	-33	93
-82	30	-8	78	44	42	-41	-17	5	82	1	72	75	-35	-93	-38	17	13	-98	92	-30	76	-31	71	-56	21	54	68	-6	17	-66	75	97	89	90	60	54	-2	43	85	71	-34	63	-24	8	34	2	12	-84	-53	8	-10	-59	3	79	33	26	84	56	-13	-69	16	-13	-2	-77	90	32	91	55	-97	-13	-80	65	81	-98	-12	-47	52	97	52	90	63	-23	68	-4	28	17	20	43	-63	80	-33	62	26	-1	12	-52	-87	100	82
20	21	-36	-5	46	16	50	-7	82	10	-99	45	73	-72	73	-36	-75	-84	58	10	-21	80	-24	-27	-1	90	73	6	56	-72	-6	-99	-89	47	-2	8	36	-13	-91	86	-77	-57	33	-7	47	3	41	-94	46	55	-88	-43	-82	-3	-80	-99	-93	-25	12	52	-86	18	65	90	92	86	-15	-32	-25	-88	-6	-10	-96	-68	46	-91	-45	-37	39	66	-38	32	21	46	-56	33	45	40	75	57	38	27	-67	-80	-28	-20	52	51	48	3
-64	78	65	59	-80	39	-68	50	-36	6	49	70	41	45	94	54	79	-72	-5	37	-44	14	-53	-57	64	41	44	-69	63	9	23	-59	-9	-48	62	-11	-57	-29	-71	20	80	-3	100	33	56	50	36	-36	-55	82	-90	9	79	47	-86	-38	-63	57	-29	62	53	-69	1	-78	10	-71	-92	-72	63	-33	-10	40	18	40	-46	85	75	91	35	66	-32	58	65	85	-72	62	-93	12	-88	65	57	-27	-48	18	-62	-82	-58	76	88	-77
-77	61	65	-55	57	-3	-7	-8	-90	5	-9	-56	-21	-51	65	17	-72	-23	84	-53	-72	14	91	83	-8	-50	-92	-63	-51	6	-79	-93	-2	-64	-30	98	-66	-4	12	-31	42	62	-42	-60	87	85	-64	31	-35	69	65	-62	-39	30	-85	73	-42	-56	52	-71	-97	97	66	63	43	-77	-18	-43	-21	-65	3	-69	-92	49	-28	78	19	-23	29	-29	78	-17	-16	-92	15	5	-37	-45	78	-26	-53	62	-96	-63	81	7	12	30	85	52
-23	-19	47	-30	76	-25	72	88	65	17	23	87	-70	6	29	-49	-14	79	79	35	-66	-99	-16	-84	23	-67	-71	-25	85	-46	-81	26	41	96	83	-8	-91	72	-3	40	100	85	29	-47	-97	36	-74	-87	76	-39	-47	35	10	-100	-18	-98	53	16	42	49	19	-6	86	-62	18	-21	-10	89	-14	-30	56	61	-15	80	-7	37	-25	-61	12	48	-76	-7	-16	17	-84	39	-92	-19	-67	-20	-71	78	-37	68	-39	-45	26	52	-72	-94
-42	-42	-10	-96	-91	-54	-39	-49	64	1	66	13	7	53	94	-91	85	-81	17	51	16	7	-81	89	16	-5	10	-10	-63	-58	68	-44	99	58	71	-21	35	92	-85	-61	-64	97	-6	86	56	47	60	47	-28	-51	88	25	-32	-35	-24	-97	-81	32	-21	59	-24	-73	31	46	-69	-2	49	-56	-98	-12	74	-84	90	59	45	-87	-61	-19	-93	76	51	76	-63	87	-11	8	-80	54	-83	9	25	-79	-92	18	37	99	-32	53	-37	88
87	52	15	-85	53	-45	30	-11	17	-99	80	-56	65	70	-45	-56	-73	51	93	5	-44	-56	-30	-1	-69	27	-25	-25	81	29	66	-24	-58	71	77	-74	63	97	-58	-26	-27	26	90	46	-36	58	50	83	-60	28	83	37	-90	36	95	54	-43	40	-4	-33	-18	-59	-28	62	93	-69	44	-75	-64	-22	65	69	14	-36	-90	37	-76	41	-16	-31	-8	-92	-86	77	13	34	-5	-48	-34	-87	-60	-63	-24	52	50	99	-78	-61	-95	8
34	67	-33	51	98	34	-36	67	-84	86	-66	4	16	52	79	41	84	-19	32	-64	-78	-76	68	79	96	-78	6	-31	-21	79	-83	82	-41	-60	-100	17	91	-96	-94	32	-6	-36	10	-53	-10	-96	18	1	-49	12	98	65	-25	96	8	66	97	-58	70	-16	-9	6	-18	38	51	19	-35	10	-22	-39	84	47	46	-1	76	65	-6	-25	41	-9	-84	-24	-10	79	29	99	37	61	-31	-54	-74	42	20	80	50	-24	-73	-47	42	-1
-16	66	13	-26	85	-30	-43	-74	61	31	-2	-32	60	62	76	46	-34	-38	-20	41	81	20	84	35	-70	16	-4	9	-41	27	-95	57	-11	-96	-42	28	-63	-6	15	-7	-13	31	74	53	35	-21	-25	51	61	-60	-91	-10	-51	-82	66	12	92	13	-14	51	-52	-76	17	64	64	41	83	-71	-78	74	-1	72	2	86	49	-14	-10	-61	-72	-30	49	51	77	-79	-98	21	27	79	-58	-10	-92	-17	4	69	45	-9	65	77	14	64
-65	-34	-65	48	81	-12	-54	-70	63	1	15	2	-27	-23	58	75	-54	-41	15	61	93	40	-65	48	-70	18	49	50	65	-7	3	-97	7	-51	78	14	-22	-24	88	66	-90	-18	38	77	-58	14	-53	-22	70	45	-79	76	68	-61	76	-89	-57	-7	-78	-9	-27	42	96	11	4	-35	-82	5	-47	-44	-8	-16	12	-69	18	2	53	79	82	-8	-17	-13	-21	6	61	-34	-30	-8	-63	80	52	-35	-9	44	81	83	94	52	35	-41
94	-22	35	-74	69	22	88	4	-97	-99	-98	-48	-60	-48	53	-9	-56	-92	55	30	-8	44	-92	43	-45	68	90	1	-3	-72	-92	-89	41	80	-30	-88	99	42	-57	-87	5	55	77	-94	23	-59	45	61	24	58	70	-57	77	85	83	82	-72	2	72	-22	-98	-7	6	-22	99	-96	99	-88	89	-39	41	-1	-5	10	30	-92	50	-60	-95	-83	-27	3	-86	7	-74	-91	25	31	-76	-89	50	-63	-32	5	-12	-26	17	-36	83	1
-19	78	60	-93	50	97	2	-97	71	-48	-2	5	-70	7	77	45	-35	-99	11	-12	-92	100	-9	-41	-95	-33	-30	-47	36	-53	-94	-31	-52	-53	-14	84	-57	19	-58	-21	75	2	-73	-54	-46	57	-72	-98	55	43	-9	-95	81	-6	-21	-64	-61	-12	-89	-37	-97	93	87	91	93	-92	99	62	49	80	-79	-27	-49	-61	-53	-97	16	63	-24	91	-90	-3	-10	-61	-42	27	-63	-89	-47	71	3	-23	-7	68	11	-92	-88	-67	44	45
-6	-73	-75	99	48	89	-69	92	-71	13	-67	-43	-52	-81	76	57	97	-50	20	49	-13	-54	-24	-52	32	96	-53	73	39	-29	15	-90	-40	24	-55	-70	14	29	91	99	-15	2	78	74	-21	20	60	35	58	-1	7	74	-90	30	-28	-11	-14	-4	-76	66	79	-13	62	94	71	-78	-27	14	15	-80	-8	-14	47	92	62	83	38	-30	6	-61	48	68	14	-42	-80	26	28	97	55	68	-11	18	20	70	61	-91	20	-87	-79	-43
-90	-92	85	-94	-31	-16	-15	-54	-94	-86	37	26	88	90	-41	17	98	88	39	56	24	-97	-59	-13	-55	-95	-49	-99	-67	28	19	-97	31	-82	-66	-41	0	28	-38	-4	95	2	94	-28	30	10	-44	73	62	-49	-84	62	50	5	37	24	86	-87	23	66	86	43	71	70	37	82	36	-81	80	23	-92	-25	89	-13	91	19	-19	35	37	14	25	-72	18	14	27	-20	-69	-27	-16	-42	74	-4	17	61	-46	64	83	-19	39	-69
94	47	-69	42	-2	51	-18	-100	94	3	-17	70	45	99	-21	61	82	0	33	-95	-52	-67	-62	29	58	59	-23	30	37	97	-95	23	-95	-59	13	71	-29	40	-35	-76	39	37	63	9	-16	3	-46	-99	-18	-59	30	-57	25	-41	-97	88	-86	-46	-40	-21	46	31	-16	57	-38	11	-84	-53	31	14	-51	-7	21	7	91	44	21	-89	-51	-38	-99	18	19	-90	60	-95	-23	51	14	47	66	75	-9	-3	-48	2	-28	-52	-63	-81
-24	96	57	85	71	-51	-90	37	-96	9	-44	30	-10	-80	-40	49	18	-59	-89	97	67	15	34	-51	4	-74	61	47	8	-77	37	85	58	-11	-36	18	-73	-80	73	69	-63	86	-50	-25	52	-47	90	-64	-63	72	-97	-70	47	-71	29	70	-9	-96	-30	-80	39	83	-97	16	61	-90	35	97	-63	46	37	82	-72	-57	-64	12	12	-64	-51	29	-92	5	-34	-60	46	-45	6	-79	95	-53	32	10	-68	-45	69	-80	-31	90	87	42
1	-82	-74	-47	73	97	-29	-26	-68	-22	78	-67	38	94	-77	30	-34	-82	-64	-100	-13	-37	56	71	8	-91	-46	58	-50	-23	62	55	64	84	-10	21	88	92	-95	92	-3	82	-87	89	52	-27	-86	86	-65	13	10	-77	67	30	91	-62	-3	72	-32	-68	44	12	3	28	57	-54	-91	39	34	34	-17	-13	10	-23	-1	-95	-7	79	7	92	2	-32	35	-36	46	48	76	-23	80	3	-40	-40	-30	-88	24	24	-75	91	82	41
-10	-14	-69	-7	32	45	31	-36	92	-30	71	-95	-94	23	100	-76	-61	-95	-84	86	-81	-78	78	-52	-71	35	78	-59	87	-31	21	-93	90	-14	-98	12	2	55	-51	42	-65	-49	-89	-77	-86	-27	17	-71	45	88	-60	0	-18	-1	-42	17	33	76	-38	2	-20	-10	51	-52	-61	-89	-99	-73	-93	46	58	-62	40	34	66	-57	-85	16	-31	-73	-42	71	15	79	74	17	10	69	8	36	-40	-24	-80	-27	50	-52	-45	52	57	-41
77	-76	-22	-50	-90	47	-92	62	70	-43	33	-95	85	53	-86	89	32	-19	20	52	-25	87	43	-33	-91	87	-78	-62	98	30	-2	-80	-7	-29	57	95	-94	-47	-42	-54	-43	82	61	72	98	-24	4	-89	23	30	13	-10	58	87	-28	21	36	-29	-56	24	77	-16	-80	53	36	-5	28	-57	-78	-88	48	40	78	38	-9	63	71	43	55	6	29	-23	-25	29	-95	95	-6	-73	18	-51	-64	-96	-38	26	-57	90	89	-45	-21	23
-86	17	16	70	41	-63	7	27	-41	66	-26	39	26	6	-43	-47	-30	-95	-25	-24	23	2	-66	4	81	-19	50	-46	35	-34	-43	-32	-28	23	-65	-40	-51	-99	82	67	0	17	88	-19	41	-13	89	66	69	-52	-20	-98	-42	50	24	35	98	-50	76	-85	19	24	-40	87	32	-51	-36	-32	96	-64	77	72	64	28	-20	91	28	25	16	6	83	39	52	-44	38	-16	-11	19	-37	96	-99	-5	-66	-37	-57	-12	71	-37	17	-78
-67	-40	-23	-17	-46	16	-8	-97	-80	-92	17	-53	6	-48	80	20	-87	41	11	-77	-76	81	-23	15	-96	29	28	14	2	-38	-45	52	-28	-62	-73	11	-2	-23	-67	15	100	73	-86	-8	-67	37	77	-92	59	15	-78	-1	-90	-71	-81	-65	-75	-75	-24	95	93	57	22	53	-13	-3	-66	-79	13	-26	80	58	-85	-81	39	50	93	11	80	42	25	-30	45	-49	34	-22	-14	75	-83	-50	56	7	-97	-43	-91	28	88	-96	-74	-52
85	-66	99	10	13	61	35	62	-63	47	44	100	25	-69	98	91	-66	-2	59	8	-11	44	12	73	23	82	14	-80	-76	-51	70	-10	-34	-15	-89	53	-54	-11	50	-6	72	14	86	-62	-37	57	-1	33	-90	68	-39	-10	-39	54	12	-40	67	-71	41	15	-40	54	-51	-4	-12	95	57	41	49	-22	68	26	-20	74	-96	63	86	62	85	43	-75	-7	5	-30	-27	-67	-94	-56	89	90	1	-33	-65	-29	-22	-85	-34	82	74	2
6	-30	-38	26	63	12	84	96	-40	-15	79	-18	-2	-42	8	32	34	85	59	82	-41	-10	-37	57	36	4	47	67	78	41	-99	-4	-3	68	-19	92	31	26	92	-99	33	-62	-97	15	-20	98	-11	-44	-5	98	-38	94	66	17	-77	90	40	-21	64	-62	92	36	25	-1	41	46	91	74	-34	83	45	-73	-83	-86	-54	-2	10	-23	37	23	-42	35	90	77	-84	-51	-78	28	4	-53	-77	-49	24	97	-40	-91	-6	19	61	73
41	-77	-96	87	-40	15	53	-24	69	66	7	-97	-9	5	-68	20	99	34	-90	25	25	-41	-73	70	-77	26	-86	65	-94	-17	52	91	86	-68	-27	-52	-11	43	28	66	12	16	89	4	74	-67	-18	-33	-70	-32	69	31	-40	-56	16	95	45	47	72	18	95	-81	5	-97	75	-15	86	-88	-7	-3	-3	40	93	-50	-12	-10	18	-22	-60	71	17	56	-23	-21	42	92	-71	-40	-43	13	-11	-16	47	-18	-27	75	60	39	-37	61
57	-6	25	53	97	14	15	57	40	-77	-6	-22	67	-89	-43	75	7	-44	-29	-97	17	-89	49	-89	-11	91	63	-49	-82	99	69	-99	81	-95	43	36	42	-58	-1	-2	-65	-95	-33	-97	68	-14	62	76	39	95	93	-60	-17	-76	-23	1	-55	30	79	-26	-56	-28	45	52	27	23	-59	-94	38	52	31	59	36	98	-42	73	11	64	-17	-8	37	8	70	-24	65	74	-54	-2	-56	-50	-17	-14	75	-47	2	16	-95	-86	-28	-79
-5	26	-40	59	9	15	-73	-53	-72	59	98	-45	48	41	52	-51	73	-58	4	60	51	-37	-27	42	21	2	-74	-20	-60	-16	-36	29	5	61	71	-100	-89	-53	0	-90	-48	-48	90	-34	-77	9	80	56	63	23	-32	-6	11	-81	34	-29	-9	74	35	-78	-2	19	-89	-72	-43	93	71	-95	91	91	96	-54	-28	21	-47	54	-44	-11	73	77	34	76	-3	-36	77	47	-56	-22	-95	36	38	55	11	-13	-35	39	-19	-19	-88	76
-63	-27	78	92	-42	56	68	87	-89	-16	-27	-1	94	-97	-86	100	4	6	22	-74	-48	-24	-33	-8	-79	54	13	78	-46	-24	-96	54	-90	-17	81	96	-43	54	-13	-35	88	-89	-83	-98	72	-52	-68	0	-92	-68	-83	43	98	3	-37	25	60	34	0	58	62	-8	-79	21	-55	-61	76	29	-100	50	67	-99	-75	-14	-55	-91	91	16	-44	99	-62	2	20	-19	80	-9	99	32	70	38	45	-78	5	88	-32	10	31	-97	14	-40
-52	65	-70	22	40	-6	29	-11	-76	-5	44	-83	84	32	-18	-4	28	-55	-92	-98	100	43	54	-2	94	-14	99	-80	53	-36	58	12	-76	88	97	-69	76	17	66	47	47	-29	-64	74	-91	85	-100	65	-91	-37	-61	64	92	11	66	-87	-34	-33	-1	53	70	20	54	33	58	-80	18	28	24	30	-25	46	-3	-34	-72	10	-31	6	-47	99	-39	53	42	62	-5	26	31	-39	-77	-96	70	-5	-53	74	68	-77	-28	63	76	21
-95	-41	6	60	41	72	60	50	-43	67	23	-38	6	3	-63	-90	-87	94	-33	-73	2	83	-69	55	-59	-66	91	-65	58	-59	-28	87	-44	74	-77	39	7	39	16	52	-53	37	-57	-65	23	78	-41	56	75	27	17	90	88	-11	-32	-51	-65	-40	47	-55	40	64	-98	3	-10	-8	43	-13	-68	27	-65	94	80	-23	82	86	91	-74	-97	16	80	-38	-84	64	94	-48	79	12	55	90	81	99	-59	44	-9	-95	-36	77	35	39
-82	-41	-28	82	44	89	90	22	-78	39	69	-81	-30	69	27	-73	-8	16	75	61	48	92	-39	-79	-14	82	-21	-91	-56	97	-53	54	-36	49	-3	96	31	-34	-88	94	36	11	15	-51	-27	63	-16	59	-40	-73	-78	98	33	23	-67	85	50	-13	-92	37	56	-30	60	-84	60	55	47	-97	-56	93	-32	-32	81	7	-81	60	-2	20	86	-41	31	40	85	21	22	40	-13	79	31	-92	20	-98	51	38	74	-77	-82	-21	81	-25
-4	-44	-4	-94	-78	-35	47	41	89	58	43	96	-12	40	-69	-72	8	91	36	58	-94	2	-64	38	93	-25	-80	27	81	-93	-14	-93	24	-51	22	17	49	89	47	48	70	39	3	96	35	47	37	47	-36	-4	-64	-79	-23	-13	-16	-91	-19	-61	1	96	36	32	-77	18	-98	-12	-50	25	39	75	90	-24	70	-59	44	-99	8	41	66	11	47	24	-61	36	-88	76	41	31	70	95	30	-22	-5	88	-32	-77	-82	11	30	51
81	89	-82	17	-3	65	15	2	41	-61	37	86	53	-68	-33	-67	-87	-65	6	-46	45	28	28	62	52	-76	-5	-91	-91	-80	-25	54	-22	84	-32	-63	-79	-41	-34	96	-41	95	-30	36	52	66	26	-6	-95	27	-89	-9	-25	12	-67	3	-52	73	4	14	49	85	77	53	-79	67	49	-27	-80	80	15	-52	-21	63	31	61	-31	11	-72	25	-4	73	-3	46	1	35	-66	51	-53	-65	13	-9	36	53	34	-93	5	88	63	-94
26	9	87	-47	-3	0	-92	44	-19	-81	-94	-1	73	15	-91	88	-2	99	-53	-6	-45	57	-51	47	-57	89	19	61	9	-74	23	-27	55	-1	-67	-61	61	83	-75	41	63	90	33	-32	-67	28	-82	-11	-53	98	-15	41	50	6	51	-76	-78	-5	10	30	-67	-47	-98	-2	-69	-54	94	74	81	-90	58	49	49	-63	-57	8	-46	-59	-41	-50	28	-46	-13	56	-45	-28	-2	-93	-95	82	-54	60	3	-47	-12	-89	-35	-34	58	26
22	-60	-14	61	88	-48	-79	-26	41	1	-2	-44	36	-57	-48	-26	-94	57	42	-77	26	14	75	-35	-6	-54	-48	69	-23	77	94	-80	-29	45	-37	76	43	86	-36	54	-22	91	-53	16	78	-20	42	26	10	27	19	84	-74	26	-94	18	-54	-18	59	8	-97	34	60	41	10	-27	-83	-30	13	-89	67	-66	52	18	81	-97	18	75	-49	-16	94	-73	-29	35	87	-28	14	12	-60	59	95	-62	55	10	24	-84	-71	-14	17	-99
50	-49	-64	-34	53	-56	-31	-51	-23	81	83	92	4	-16	-96	37	-79	-66	-58	10	-22	-49	45	87	14	50	-29	75	-72	-20	92	3	-83	38	-46	-85	33	73	1	-35	-50	61	-23	49	45	59	89	-46	94	40	37	-69	-29	-43	-35	-33	-91	-39	-76	29	-87	31	-19	-7	-98	73	-48	-70	92	-3	-90	16	-65	15	74	61	-4	76	-96	32	-2	-34	-11	-87	-65	-25	-59	-11	-47	-96	22	-35	-64	-71	85	51	-54	88	-86	41
-72	-18	-94	-6	2	-81	-26	-76	-79	-69	2	18	-47	97	-16	-30	-91	75	84	-23	-58	-1	-37	94	65	94	99	82	74	67	68	-35	-44	-71	-52	20	-65	-30	6	23	-28	-64	-61	-68	-95	100	93	-33	0	-58	-44	-79	-53	-52	96	-83	-90	2	-20	83	2	-95	-88	-22	45	2	75	17	-39	-35	89	-75	18	35	19	-80	89	-81	-94	-3	34	-45	68	-54	78	74	-74	34	-53	-80	-1	33	97	77	54	-6	94	-58	36	45
97	-93	-28	87	-80	50	91	-27	100	-17	-6	10	-56	34	1	78	-23	5	-29	-8	65	-49	48	34	-54	-4	-2	4	-77	-55	39	32	15	58	16	38	54	89	67	45	-80	25	67	-14	88	22	-22	-53	-86	-90	35	96	-50	79	55	91	75	74	7	-96	6	85	95	12	-45	-16	-62	-10	-64	-48	-43	-29	-85	49	18	-12	75	-69	65	-99	54	48	-11	31	49	67	71	-75	-90	-19	27	79	-39	50	-84	18	-27	-78	-11	32
99	-3	-4	58	-81	-80	-68	58	-64	16	53	-93	39	-68	-16	96	54	-76	34	-95	97	-46	-1	-59	-74	-77	-44	96	47	-8	-50	-13	60	34	-46	27	-2	-45	42	54	85	37	28	-31	-34	-47	94	16	95	-90	19	-87	-87	-45	99	6	-3	-34	-18	66	-22	60	-42	6	-39	89	-60	65	-51	-66	-69	79	91	-35	-34	21	82	-18	68	71	-4	-90	-64	-12	65	35	32	55	78	45	-28	61	-15	74	-92	-1	25	45	-3	16
51	-30	5	26	33	38	-52	69	-40	-80	-89	97	78	-77	-30	-83	-72	51	52	24	-26	54	-85	42	-89	77	46	61	22	-63	21	-35	98	-51	0	-36	-26	71	-13	-99	-56	-77	50	35	52	9	60	-29	-32	-43	85	65	7	-38	-63	90	-24	-12	2	-44	19	13	-36	-59	-36	-57	24	-78	-74	16	87	47	39	-31	47	-97	-82	-95	51	62	-84	-72	-50	-23	-48	-49	65	76	-41	16	-92	83	13	39	97	95	38	72	55	98
45	92	6	-79	52	90	-39	-37	100	83	-9	53	-21	14	38	50	-55	11	-75	-81	-79	-31	-78	-67	23	-24	44	-28	-94	-65	77	62	57	50	-29	90	67	53	-66	-40	-51	-25	64	-50	29	83	-21	40	-11	1	92	-55	-46	26	97	33	-80	-93	-6	54	56	14	3	12	65	-99	-58	-85	66	75	80	-27	-34	-37	8	98	56	-55	46	4	54	78	-95	-52	-59	14	-17	28	-13	-75	72	-31	-46	89	36	-88	36	49	76	-48
23	-47	-59	12	0	-49	-45	49	-45	54	18	80	-58	14	19	98	-3	-1	17	-71	-62	50	62	-76	26	-71	-9	-70	-13	-7	98	67	60	74	45	-58	-39	63	43	52	85	-88	-44	28	25	51	2	-95	31	-24	51	-57	74	94	82	5	35	-49	60	-26	6	26	-59	88	-41	-43	43	-48	61	3	-79	85	-59	76	50	-50	84	90	-84	-78	27	-60	-25	31	25	98	67	-62	-6	-22	90	33	13	-69	77	-71	-39	90	-96	3
-25	37	-72	18	-74	8	-8	93	69	18	61	-34	-3	83	-67	2	65	30	-98	38	19	-28	-57	-52	-5	47	28	-7	51	93	-64	-30	-39	70	63	18	-26	-11	37	73	42	-72	98	7	-97	14	24	13	-85	35	-30	-43	-17	-7	-55	-98	-4	13	22	-20	89	47	-59	-63	-31	25	10	45	-5	53	-79	-58	-44	-89	-22	-80	-4	-45	5	-99	84	31	-62	41	43	65	-98	-74	28	-3	13	-76	-50	24	-84	-79	89	-77	17	-34
-60	61	94	-46	26	-3	42	70	97	67	-80	85	-78	-9	54	-29	79	74	92	-75	-67	-60	-6	-7	81	-66	73	-17	52	20	69	74	-48	46	-57	-87	87	64	74	-29	3	-87	-34	-22	74	-21	-22	-20	-26	60	-59	13	39	-92	91	-68	0	-66	-44	52	-57	-91	-78	9	-30	-33	19	-68	4	42	2	77	46	26	76	-61	-28	-14	27	77	58	-23	93	-31	-3	-7	-52	70	-89	4	-30	70	-69	-30	-3	-97	83	70	31	-65
10	-34	80	-68	52	95	-41	79	-34	60	-68	-31	-93	-18	-38	15	25	-87	90	-6	5	-19	-77	19	-23	-78	64	-2	27	55	62	43	99	28	-88	74	-42	-47	-30	-64	-68	57	-71	-3	-95	-70	87	93	31	-54	-2	-27	33	31	75	6	100	67	-53	-43	52	-76	92	-97	-74	92	72	99	-28	-75	-20	30	97	17	-9	98	2	84	-21	-68	-4	-41	30	-64	26	14	18	-60	-30	-18	80	-100	-15	-17	-52	64	36	12	-94	-53
-33	43	50	-91	93	13	-85	-65	52	33	-14	-31	18	-69	-31	94	-53	79	-92	45	-27	43	26	15	79	-94	-85	-6	-100	38	34	-15	-59	4	-68	-8	9	-63	66	12	9	43	15	-46	-51	-7	-22	-21	34	32	-62	39	-10	-1	66	-51	-27	-44	-44	-46	57	0	-5	-75	62	-79	19	52	89	-69	-42	-15	51	-26	5	-25	-3	65	-59	-95	50	87	11	-93	-38	32	55	-37	-83	48	8	-42	80	21	7	16	-71	-25	-81	-91
-11	-56	23	62	30	1	-89	96	57	-41	-33	-22	-3	17	-55	68	-80	-63	-67	-63	38	-90	2	-97	-28	50	-58	80	88	53	-27	99	-76	-64	-18	26	27	26	66	64	56	-79	-57	42	-32	-83	80	91	22	-91	31	-41	8	-86	83	20	-39	-95	-21	69	-91	-96	89	18	-95	-90	57	-71	27	-100	-16	24	-96	49	93	-80	91	-80	47	74	-77	35	72	-56	29	19	-23	8	-49	-50	94	-59	-3	16	-36	-1	-26	-88	39	-66
34	0	-5	-41	-95	87	94	52	80	74	-41	-73	56	60	56	90	89	-67	37	-66	-38	17	90	37	10	-68	92	-97	-8	27	70	49	62	-93	-75	72	30	33	-68	51	76	-56	83	-36	-66	-4	4	54	-22	-1	-15	-72	-99	8	52	-23	-60	17	1	29	76	59	27	59	-74	-50	-55	9	-17	-65	-31	6	-48	33	0	-84	-16	-75	-92	70	43	-37	62	21	-7	85	7	-24	15	-9	25	-56	45	99	-22	-32	91	-61	-21	77
-98	-88	73	64	-65	4	68	-92	-97	-69	-98	-9	83	-26	19	-6	60	86	59	-58	-61	14	59	-60	93	-98	-88	21	71	-37	-22	23	-83	39	8	-81	79	12	80	53	-3	-15	-98	69	51	-71	24	-4	9	-64	-29	4	-72	79	49	30	84	86	63	-84	-82	47	-66	-27	-21	-40	72	13	34	68	-13	27	29	-40	85	-35	1	-1	71	-43	34	-99	24	95	5	85	79	97	-91	89	99	-6	39	41	42	34	45	-73	-46	37
-67	22	71	52	-45	1	59	-6	16	79	22	-75	-41	21	-83	-58	-56	67	-12	83	8	0	82	76	72	-43	97	46	77	-80	-8	93	-38	19	66	30	-30	-33	-79	-58	-24	19	2	-15	-12	90	-81	-45	-92	-65	-81	-83	-57	0	61	-76	-65	-7	76	-72	-34	30	77	-37	39	51	-45	81	-25	3	4	21	26	35	-14	-41	94	-32	68	-61	-38	-44	83	-47	79	-24	6	46	84	47	62	79	-51	-76	30	73	38	-34	21	-79
-77	-77	92	62	-59	-56	-13	62	16	-24	77	64	-33	10	69	-83	86	-21	53	-23	-91	25	87	61	35	-9	64	86	-76	-16	-60	-94	-34	35	-78	-14	84	79	-98	34	-98	-19	40	33	16	76	-20	36	96	26	38	-52	-11	-21	64	-92	-18	2	-17	13	0	45	74	-34	76	-13	-45	-90	40	-40	-49	38	1	-62	-7	-72	-79	1	25	23	37	-45	-31	19	-6	59	57	19	-72	93	-63	-12	-2	16	47	-21	-49	-97	-14	-89
-11	-26	47	60	-35	-68	-30	-17	67	-68	-81	72	-58	67	-64	-64	8	46	37	17	76	-5	21	-53	51	25	25	22	2	1	-75	-47	21	4	-87	-93	73	-58	-7	-82	-40	-68	-81	52	62	-40	45	-64	-84	33	-47	-68	-58	-73	-7	78	-33	25	-93	18	99	72	61	-63	16	61	-50	-89	72	-21	-51	74	-75	-57	2	36	-61	8	1	-67	-35	-51	-83	100	8	85	-7	70	-92	-48	57	-35	9	-60	-95	97	-51	61	79	41
19	-72	-42	-20	-74	69	15	51	-6	15	-57	-68	5	68	-75	-84	8	-24	19	-77	-30	-44	-1	-71	-39	-30	46	-86	36	33	-63	44	-61	42	24	-22	7	24	9	-95	-87	-18	-43	-52	80	-3	38	-84	81	-87	63	86	-63	13	-69	-76	2	-67	4	-29	-10	-43	-59	-75	89	-30	24	-91	-15	50	-37	84	86	78	-88	77	-82	92	-53	-30	37	7	-28	70	-44	5	-51	-57	-57	90	-72	-59	64	79	85	-80	87	-18	-28	-2
46	21	60	71	24	80	-61	3	-6	39	81	-12	-1	-38	22	-41	20	-70	72	8	-37	-27	-14	-2	-32	-29	-89	84	-73	66	-41	-35	-55	-29	-98	-61	-43	71	8	88	-70	92	-28	-8	55	-22	-64	-62	25	18	-71	74	-55	43	-18	-51	-73	-45	96	-42	57	-80	-73	88	-98	20	-97	-49	56	-71	-65	-37	54	-82	-46	86	-55	-68	-7	-30	90	-55	-82	-45	-17	-51	-35	24	-37	-25	81	42	35	21	-21	-4	47	-32	56	72
-50	-14	45	-62	28	-15	-6	-89	38	-7	-55	14	8	94	-71	51	46	21	-23	8	-71	29	51	94	-30	-89	-87	0	-70	-5	-83	4	-24	-32	-96	-67	71	26	-10	63	-95	-59	95	100	-93	58	46	-8	-87	89	-71	78	71	17	87	-93	80	-55	-98	12	-56	-81	-80	-35	-77	77	-54	-57	-32	-9	-42	-56	-76	55	-69	-79	26	31	-10	-50	82	-24	-28	-62	40	24	-50	-69	-62	-32	-64	-96	-20	75	60	-41	98	-75	87	6
72	99	29	19	46	71	100	-7	85	1	-43	18	-46	72	-46	-83	-90	-45	51	-55	49	-5	20	-78	-99	83	67	-70	-64	-33	-58	53	-37	-25	23	50	-74	-68	19	3	91	60	-26	-37	26	39	-33	49	-53	-48	43	-93	-75	-42	49	-83	-15	71	26	11	87	-82	-36	-2	79	-68	-82	-15	60	-75	-24	42	-51	75	-29	34	10	37	-18	37	-72	11	42	23	-85	49	-13	-78	29	98	-26	58	32	93	78	21	-32	-87	-77	-45
15	31	-14	-58	34	-96	40	76	52	-53	-4	-92	-49	64	-64	86	82	-82	-48	-13	58	64	1	-29	-61	24	-58	-84	-86	-39	-70	5	-18	22	51	29	17	52	-5	-75	21	-17	-95	-56	-92	-40	-52	82	-64	-53	81	3	64	-34	-76	-26	73	-12	74	-82	17	16	88	-62	75	-36	-71	-56	-67	-9	-69	33	62	-64	84	90	38	95	-13	1	3	6	-34	69	-82	42	13	27	36	37	86	-81	-29	-32	82	83	-36	70	-67	-11
-43	-52	-42	-40	28	-82	-6	-9	31	-58	53	-56	-9	37	29	11	19	-88	-20	74	7	-22	-35	56	6	-40	60	-21	28	-7	81	-26	90	81	41	49	-62	74	92	58	-88	85	-5	-74	25	5	86	-43	-78	5	-79	-40	0	90	-46	84	73	-87	-17	79	-53	89	89	69	-40	-59	34	29	-30	81	54	36	15	70	-30	99	-79	-67	-46	1	50	8	37	-4	9	24	-44	58	-68	23	-56	-27	-85	-95	-65	40	-83	-74	-61	98
62	73	-1	21	68	-55	-6	-50	77	24	96	-42	67	-97	-100	-10	-16	-20	-38	-5	48	-62	-42	-10	10	-69	-84	65	44	39	-89	13	-61	-89	77	-77	10	92	-10	86	-26	-7	67	-55	56	-22	81	-49	-29	57	66	-35	-62	5	-87	41	-81	44	25	73	-78	-42	70	-65	-97	74	-71	-46	84	-86	61	-63	-44	51	90	-77	57	44	24	-89	-12	-90	58	97	20	-100	-1	38	44	31	93	55	56	-91	-78	-61	-73	17	82	-2
-46	18	-26	0	3	-27	38	44	-59	69	-16	18	-68	-10	-9	-8	-13	52	-63	47	20	39	-84	-36	-99	-77	-48	14	-23	26	-32	80	-4	-27	31	-30	38	-61	29	10	-42	-29	-1	-2	94	12	-50	-12	-10	-20	-6	94	18	-70	17	68	35	-84	73	-10	16	-13	-100	80	-74	-5	-3	60	-68	-10	9	-43	13	23	-27	-74	-84	-12	64	-86	-44	9	-36	-66	75	-46	4	21	99	-16	-77	58	-76	-67	-46	-26	90	82	41	-8
-67	-65	87	-46	22	-53	22	56	39	-85	48	-79	-88	79	21	-40	76	26	-21	10	61	58	61	-6	93	-21	-55	-57	-67	-77	58	-12	-74	22	94	33	-38	90	38	-23	82	-39	-53	-33	21	-26	90	86	69	-14	-94	-57	-50	-71	40	95	74	-48	33	-87	39	-82	-54	-73	-43	-29	-58	18	49	58	88	49	-52	-31	-29	36	-20	-64	-91	-23	-84	93	-48	-70	-33	-7	-46	37	-95	91	-17	30	18	-68	-49	98	-34	34	36	-12
-63	8	-65	-94	-39	-9	98	68	-97	-92	-14	59	-22	-9	79	94	-86	-70	-13	-44	21	35	-58	-8	-32	-66	-10	72	6	-27	-41	47	-100	87	82	-3	62	45	50	-70	-85	48	61	15	33	-20	-28	-6	-71	-67	-40	-11	91	-31	95	-27	-95	30	-23	30	-14	-46	-95	16	-13	-52	0	-36	38	45	26	52	41	-62	23	-33	-38	25	-28	72	41	-90	-7	76	17	51	3	-56	-38	-94	-73	-15	-26	-44	-79	87	9	-86	86	-77
-79	58	15	48	-73	24	79	1	-39	83	-65	8	32	-6	64	-74	7	-35	21	34	73	61	-95	30	16	78	-34	-28	26	84	-20	-86	-48	-12	84	-58	60	-66	-31	39	59	69	-1	-91	-79	42	11	-35	69	13	59	66	-67	61	57	34	-61	87	-43	44	29	80	-4	31	59	29	39	91	-77	-97	-37	-90	98	41	30	5	17	80	14	56	19	-91	100	62	-62	-74	-5	-9	19	30	-57	45	-16	61	-70	80	-71	94	-36	-1
-89	19	1	16	43	-83	-50	-20	-33	84	91	-94	67	74	30	5	19	-31	-79	99	-43	84	7	-32	-80	-90	65	-38	-85	-71	-38	3	-9	29	74	-38	10	15	-28	-37	-79	37	55	16	88	14	22	6	72	97	97	-93	-100	-89	82	65	-25	85	6	82	-88	58	10	91	79	70	-16	-65	6	46	-4	51	-36	54	-50	69	57	100	70	21	54	21	-6	46	-86	69	-32	58	12	-42	-55	-49	-53	-39	-52	-45	-43	79	60	80
-68	-70	35	66	-85	84	-78	-12	60	-15	31	51	60	-100	-38	-31	-17	3	-36	41	19	-83	18	22	-67	-84	-19	68	54	-13	-70	30	-32	56	46	84	1	67	-32	78	84	95	12	37	13	97	-74	51	98	-89	-41	-39	18	9	36	29	-96	100	33	0	58	57	-50	-38	68	-86	88	46	-90	29	-93	-92	-25	-81	81	17	-30	-7	-11	-43	-63	-31	5	-97	80	-4	-41	-86	-70	87	-4	-40	34	87	50	-64	-48	-39	-98	45
-93	-58	-42	-74	31	83	-89	73	-86	57	-71	-46	60	-93	6	-1	-77	-98	26	57	28	-56	-91	-57	-48	-1	41	-98	55	37	-53	7	-19	19	73	-66	78	-39	40	71	25	1	37	93	54	-84	-25	-74	38	69	-59	64	-71	-19	-30	-45	22	-76	33	10	-5	35	63	29	15	10	75	-39	-10	-83	82	5	68	100	22	15	-49	12	74	46	-32	-69	72	99	59	-22	85	-75	65	16	98	-37	-9	-7	-7	91	-39	-9	21	69
36	-84	81	76	49	48	-6	-12	-72	-11	-55	-47	-94	68	2	79	54	-45	96	3	43	-8	53	77	-46	92	-12	2	-50	-19	-78	-22	-33	-73	-13	83	74	-88	-91	4	61	-82	99	86	98	-97	23	2	11	-12	-17	-53	2	-7	71	-64	-43	99	-43	-62	-6	-71	10	-82	30	-41	-41	-81	-61	75	39	46	-46	-65	-8	-88	-7	85	-6	-16	82	-73	29	98	-22	-70	-8	-41	42	41	-81	-24	8	-15	-57	84	27	-47	11	-58
-43	-45	64	-40	-61	-25	60	-77	34	49	-96	-69	97	45	4	-45	85	51	93	-83	5	89	67	5	-72	31	31	9	-51	-41	-46	-69	42	23	-40	39	24	-50	35	-60	12	-36	25	-67	-90	-84	12	-85	32	-33	-18	60	48	-5	-32	-32	-42	87	96	-98	51	-32	98	90	-82	-68	55	-60	50	-14	-26	-40	46	-54	76	32	-15	33	61	36	38	40	16	0	35	81	-57	-43	-41	-13	86	-83	56	50	-84	79	-39	51	-36	-99
3	48	-75	-42	-40	48	-33	51	40	25	87	-63	-74	19	-10	-52	-31	2	71	-78	-23	45	45	-60	-65	87	68	25	97	-53	14	11	87	-96	-68	96	-70	51	100	21	-47	-45	97	-43	-75	-8	-61	97	-33	37	38	-31	-100	33	-61	65	-93	-86	8	15	-90	85	77	-48	-40	15	-14	36	33	63	-86	-36	71	-9	16	7	-25	-61	-64	-39	-58	46	-80	51	-55	28	5	-22	-90	-62	-52	60	47	-3	2	-29	88	89	-52	82
27	-32	-72	-3	16	-56	-79	27	-91	-1	-88	13	51	47	-47	32	-56	36	-20	-96	9	91	-78	-29	-74	-45	6	56	-45	-7	33	-74	37	-74	96	94	20	-26	-76	93	-62	55	-42	-4	3	-98	-98	63	78	76	54	50	-71	-85	-71	8	-39	-68	30	32	-20	33	77	86	-92	-37	8	17	-86	63	8	40	64	11	-91	-23	61	70	93	58	11	-92	91	61	60	5	-5	65	-49	-33	-16	-61	41	-23	-86	92	-30	-81	51	-47
34	-83	99	-55	-84	52	90	-30	36	-99	99	99	33	3	-6	-88	-43	92	-27	-72	-5	7	-96	90	66	-90	73	-55	-53	55	-34	-40	42	-51	17	-93	9	27	-37	-5	73	-53	-90	60	-81	1	78	-77	-79	-81	-25	-17	-47	10	-8	34	-70	88	-35	-33	80	-20	2	-10	9	-3	-11	-53	-64	-85	58	40	43	69	-26	77	52	-70	-96	-41	41	26	-77	-8	-43	27	-74	-41	41	-54	-57	94	16	33	83	-51	28	19	-62	-51
34	-39	-2	6	-60	-15	-12	-79	78	78	-48	-54	-69	-51	42	83	11	18	94	-68	-93	93	-96	-13	23	-96	-47	94	10	-85	25	-91	-2	13	17	13	-56	4	40	12	-7	-48	-82	28	53	83	4	90	1	-6	-97	-43	36	-43	75	26	-92	-58	26	87	-61	-58	-100	14	-98	43	98	7	57	-62	-69	14	-35	-30	43	-15	-57	-39	1	74	98	94	27	-98	25	-49	-80	78	-33	6	86	92	91	38	-8	86	-98	16	44	-57
76	70	-71	-36	-67	-26	28	-23	-80	-16	41	30	-26	0	94	55	-46	65	-3	-23	-29	68	-88	30	64	-12	-92	29	-68	-57	97	23	-89	90	47	41	3	19	33	58	-71	83	-8	-96	66	-90	-47	100	-87	-42	15	-55	-91	14	-24	45	-41	-90	-22	66	-79	-60	95	-93	-30	-60	25	-60	-34	10	-16	31	-46	40	99	60	-94	45	27	-30	42	81	79	-70	-92	75	20	-12	98	-83	32	-38	46	-6	35	65	-10	-34	-10	-66
26	-29	-42	-9	78	0	10	-50	-38	32	1	13	-77	81	85	-57	-96	96	-61	-29	2	82	70	-48	-91	31	-39	-26	53	24	-97	82	10	44	-63	-40	-12	-94	60	-33	-86	11	-32	13	-64	-14	30	-50	-37	-56	40	31	-28	-56	-16	72	84	99	-93	-86	-47	-13	-13	25	-2	-84	63	-76	-15	47	-11	56	24	58	62	-57	0	-16	84	-51	70	-75	-16	-41	59	-67	1	76	20	12	30	-70	-81	-15	80	-13	25	-84	-20	68
-73	-70	-6	-15	-61	77	-55	99	-7	39	9	57	15	9	3	63	-97	-60	82	72	-65	-95	-59	37	94	34	15	-13	77	-100	57	-7	-5	-21	77	2	-87	53	-81	-73	11	-33	20	35	36	-46	77	-42	-63	-20	-19	67	-78	-82	16	-2	-97	53	78	66	-84	58	0	-18	67	61	82	41	8	95	-66	0	-38	60	-48	-25	-28	52	78	57	27	44	-35	63	9	-55	65	7	15	-39	-16	34	-18	12	55	-41	57	-20	-92	19
-91	27	-87	70	46	77	-6	-45	-44	6	24	24	93	-51	97	19	6	16	-34	-47	-58	-63	88	-79	-21	-94	51	53	-12	95	23	-44	-46	45	68	-40	82	70	31	70	31	62	38	30	60	-35	20	77	36	22	-16	-15	84	-74	32	58	33	80	56	31	48	-18	97	-25	21	-48	62	-2	71	-90	22	56	82	-78	36	-87	69	-52	-41	-24	54	39	46	8	-68	24	-40	42	11	18	61	-62	-18	74	-32	52	-17	-22	-31	26
-98	-4	-5	21	100	-99	-69	59	93	93	-60	57	-26	-44	-71	-71	-66	24	-92	-65	-89	44	32	32	-32	64	2	42	11	-73	26	23	51	-18	87	71	10	-50	-60	-41	73	-50	33	-31	-39	46	-79	86	-33	3	-55	-56	51	20	7	-29	19	0	-98	-71	-79	79	-46	-55	11	-8	-33	75	68	51	-46	-18	1	-39	-79	-36	-45	10	-10	-87	94	33	-80	42	73	7	9	-78	95	62	-49	38	-43	4	-87	-45	27	50	-47	-35
96	-96	-41	-60	-39	-44	17	-76	-27	-44	-39	50	-30	-13	72	-23	-19	13	99	-65	45	-37	-83	46	83	65	14	-72	-25	-50	76	26	-54	68	-42	30	-88	73	9	85	38	60	7	-62	43	80	-92	-44	-38	-50	80	27	21	-98	67	-52	60	-33	-77	-97	-44	31	57	60	75	-44	3	-5	-49	8	-39	-94	58	34	7	14	-32	42	78	-3	70	27	-8	-55	-24	32	-79	59	-24	66	-27	-80	62	99	94	7	-66	-2	-84	0
-74	56	86	29	74	91	59	36	32	-79	-78	66	61	-93	20	29	-70	-47	91	41	-37	3	32	94	-16	90	7	67	94	31	99	3	-49	-37	-47	71	66	43	92	-36	-15	41	57	98	38	59	-61	80	33	92	-74	-100	48	-83	-92	-26	-99	-81	-6	6	39	-17	30	10	-96	33	-77	-91	-6	-48	14	4	-37	-98	25	-18	-50	-83	-49	-87	-32	-88	42	16	59	26	71	99	38	-57	-18	27	59	-69	-51	29	13	-47	-9	37
-32	-69	-27	-76	-88	50	71	-23	89	-54	65	27	-52	-74	50	-6	-68	-62	68	58	-93	64	47	2	39	-60	-91	92	-58	100	-61	16	-3	7	80	62	28	96	88	-65	76	76	-61	3	-6	68	-47	-97	-14	-70	13	24	3	13	-78	-46	-14	-36	-92	86	-36	-79	-34	-33	-49	16	90	-67	96	-28	-96	29	-83	45	84	61	-69	-99	-14	23	73	58	-5	34	-48	79	-93	-14	-29	-3	16	58	31	-45	-24	77	69	-97	-91	4
-97	-96	-14	-40	10	18	-77	-9	-5	37	42	27	4	41	-27	75	54	38	-79	4	-68	-49	-12	86	55	-70	73	-82	70	-17	-75	-48	32	6	-56	2	16	-95	21	13	-65	85	-4	-62	-56	-88	41	-11	-34	16	4	2	5	17	89	30	90	62	90	-10	-48	99	67	-5	-47	-9	-31	-10	-92	-31	57	31	93	-21	-50	-71	-96	-93	4	-100	-4	-9	33	59	6	-41	-25	43	45	94	-21	47	24	-30	-38	95	90	85	-73	52
17	-89	42	-10	90	94	77	14	45	-79	73	-91	-68	-56	-70	-97	-56	45	38	-40	45	-97	-49	83	13	-38	36	-33	-55	-95	-5	50	-2	65	70	5	-79	-42	83	-68	-58	-1	37	51	19	-13	-66	-40	90	38	96	29	11	-35	-5	71	-4	-92	84	27	-79	10	3	30	96	15	32	10	42	-19	-21	0	-19	44	50	-11	-81	36	27	-34	-95	58	-57	23	-82	-41	-54	-17	-85	76	-40	-55	-15	47	-20	0	68	51	6	-6