28	57	-75	95	95	-95	-26	-68	68	-7	20	46	78	10	25	71	62	-32	-8	96	-62	-90	95	-17	73	49	-84	29	-65	-39	19	-67	6	-32	31	-56	-5	93	30	-43	-57	17	99	71	43	7	8	73	88	-4	22	44	-17	20	-47	6	-75	-93	8	-29	49	-44	-56	29	27	69	7	6	71	20	82	12	33	-3	-71	73	34	-86	-13	70	77	-72	-96	7	68	39	-28	-30	89	100	63	-14	-76	-70	-16	-36	-30	95	-43	6
40	94	85	-69	-10	34	52	96	-81	-41	-19	81	75	-36	22	-97	-19	14	22	18	56	-26	-97	-11	-90	-52	-8	-78	-76	36	26	-80	60	48	-56	52	-39	15	-100	46	-34	-24	-82	-18	48	72	-21	54	53	-65	-73	-58	-87	-21	94	90	-42	-4	-62	28	56	78	73	-55	65	-5	-27	-21	35	94	-44	-24	-1	-41	-25	11	-47	-10	30	54	-44	-12	-90	-51	70	-88	49	-34	-88	-59	70	-35	56	-40	6	44	2	59	-51	75
18	-27	71	-72	26	-9	-12	99	25	89	-64	27	61	-23	-29	77	-93	-69	9	-70	-83	98	-14	-39	23	57	91	-85	-18	-44	43	42	24	-19	47	-28	65	25	-16	-57	-67	14	55	46	77	83	87	-11	68	74	80	-88	-60	51	-23	78	-61	-1	99	79	-73	-88	83	-19	1	15	-99	-15	28	67	-69	-62	-57	14	84	-80	12	37	9	15	-15	-84	73	-57	43	-51	43	-1	-38	33	56	93	84	-63	-94	-2	-11	99	-53	5
-34	83	-94	91	84	-27	36	58	-43	62	35	-53	71	41	-80	-69	-58	-76	100	-65	-96	50	94	-48	28	-25	-12	50	-23	-93	29	64	20	-41	28	51	-45	-74	43	14	-45	-91	-59	-62	-86	75	-97	-71	22	-13	23	14	67	98	88	-30	-36	38	-57	33	-6	6	-59	-15	-33	0	-40	-70	-11	-47	41	-40	-33	5	87	-78	-62	61	92	73	93	-37	-6	99	53	27	-43	-63	-81	-10	26	-2	-95	-57	44	82	15	-41	-17	-86
-39	-96	-75	-52	82	100	-42	7	15	86	23	78	-60	59	-4	54	57	-80	-27	12	35	83	21	-62	-86	68	58	-74	70	-89	-59	69	93	98	-15	-80	-66	-27	-54	41	14	93	-89	59	-91	-12	61	51	71	-10	66	-94	91	53	17	-33	68	-31	-78	30	-87	-81	36	70	-11	-22	33	-94	-65	-11	-82	-86	-32	-74	37	27	71	-57	78	-96	-39	83	91	-90	45	-83	-94	72	-54	-1	0	66	54	91	-73	-86	95	87	96	-44
16	24	64	92	56	65	32	45	-26	98	-31	-76	86	-96	62	-5	-19	44	-43	-54	-65	85	17	83	-82	-33	29	-81	79	-27	-49	7	76	-66	-87	-9	60	-29	50	-5	33	-34	13	68	24	-92	-35	64	-28	39	-58	-86	-24	25	35	9	93	1	-12	9	-52	56	53	-86	7	99	-53	-64	-49	96	79	17	-93	-93	-23	-27	-93	-56	75	97	83	-43	-74	-68	-81	17	-77	27	-47	-70	-65	-79	39	-88	-59	-64	-4	-71	81	48
-41	87	-60	76	-61	-7	-39	-86	-53	94	75	4	-40	25	-98	0	-55	27	49	-29	-22	37	-54	42	-45	18	97	82	-98	45	-63	-97	98	66	-37	29	-10	79	-75	60	2	-49	0	-40	57	-14	5	-56	-12	-7	-94	89	-60	46	91	85	5	-32	83	-79	-45	15	76	-83	-76	-34	-9	-33	79	-5	45	-89	-66	20	-6	-43	-28	-5	42	-73	-8	59	2	-54	62	8	-70	-23	-44	91	2	-23	-63	-74	5	-29	-62	-88	-23	99
73	59	86	-56	-12	-83	-7	12	-6	-44	-44	14	-33	27	82	64	-5	-32	-10	29	-25	-2	13	56	-58	-44	-83	25	-86	4	-61	-38	50	-59	51	-72	-73	-71	-83	19	70	49	96	-100	42	87	-71	34	39	68	23	33	19	56	-73	1	-69	-60	9	27	36	52	100	-66	63	-63	65	97	62	-19	70	-65	95	-22	-84	-33	76	73	52	7	90	98	21	98	-73	1	-16	4	12	-66	-87	-6	76	-59	16	-83	56	-7	-83	-41
31	-27	28	13	-84	70	85	-46	-15	-95	14	-85	9	-46	37	-25	-64	68	59	-99	43	24	-56	-71	59	-71	40	-86	78	33	-67	-50	-3	-26	56	53	-18	25	87	-82	-32	82	46	0	-48	6	-83	40	-60	-16	35	92	-72	-5	-38	8	-2	84	75	35	-71	-53	3	76	-86	-67	-25	-86	82	-72	67	-88	-38	9	-52	98	36	-94	-86	42	-7	-14	-73	34	15	51	8	37	-97	95	97	7	-11	59	6	-77	-91	73	-97	85
-69	-49	-68	-73	-55	58	27	-91	-9	-53	-76	-32	-94	17	54	-69	-65	43	-47	-21	-64	70	-3	63	11	94	97	44	-29	22	5	85	90	-15	57	88	44	2	-63	67	98	-53	-11	-42	37	60	-87	-69	4	-33	-90	-49	-50	-87	2	-71	-28	32	2	-23	69	74	100	-77	-6	-82	-96	60	58	-54	19	19	-25	76	9	96	66	-63	12	56	83	16	-60	-61	47	40	-13	-77	-10	69	-98	-72	-2	64	-55	-84	7	62	-93	78
97	69	44	17	-48	-2	-2	-75	-17	84	-39	51	51	-16	-65	17	-54	19	19	52	-75	-22	13	-83	-65	33	46	-20	37	39	-82	-13	59	-13	78	71	21	-48	-72	-9	-56	-27	36	37	31	31	84	-25	47	58	87	-96	-15	19	-12	42	-2	-94	-27	-27	-15	-47	3	44	15	-4	56	-90	-62	27	-40	71	44	75	9	-94	53	-88	-59	-54	-61	-40	46	15	-95	83	60	64	-94	-91	47	45	-29	7	78	-47	-13	51	9	-65
13	87	48	-83	39	-36	55	50	58	-54	-70	95	-19	-50	-97	39	-37	79	-64	-8	40	92	42	74	32	26	-51	53	-81	-21	-22	-98	-46	64	-74	12	-66	-73	-83	-30	18	66	75	-7	-73	19	90	-24	-66	-29	14	72	-26	79	15	-80	36	-38	-74	8	-28	38	52	64	-63	-37	47	74	-33	-82	62	93	-92	-88	70	36	1	-81	73	-5	42	-66	70	-49	-45	-90	-41	-86	84	50	-35	-59	-54	16	3	-31	-92	72	-64	-81
-53	-17	-35	4	-67	-52	85	-7	-66	21	30	37	-61	40	50	-82	72	-55	75	41	90	23	12	-2	-46	70	69	27	88	80	-51	20	-87	91	-70	46	-32	-50	26	-8	57	88	-28	97	51	22	83	-24	8	48	-31	15	-14	-31	86	16	84	53	31	-80	41	-38	76	-26	82	-46	-37	69	21	95	80	-78	80	-7	59	39	-63	75	2	1	56	-22	60	58	-33	-5	-35	65	-53	-33	-94	-92	-15	48	-23	-44	-97	-19	-79	-22
-63	98	1	-81	-27	21	56	-45	84	-83	96	10	67	87	-31	69	-55	-39	-57	78	46	-76	47	44	-49	-29	-42	84	-4	11	-74	-92	-57	-78	-23	76	-53	-5	83	100	89	-49	-52	-42	71	-20	53	-55	23	-100	73	27	68	-90	-29	-77	20	-48	-16	-15	-1	-21	69	89	39	-94	68	-39	40	-53	-54	-4	40	-54	-87	-83	-97	25	-45	98	70	-36	-85	-51	-44	14	-51	-43	-54	19	-31	-82	46	-98	-86	25	-58	45	-84	80
-98	91	39	-62	1	-20	14	76	55	58	-6	-87	28	56	4	3	5	79	-51	74	-20	-62	50	-79	-96	12	-30	-77	43	-34	-91	0	-48	-51	96	82	-14	-87	93	61	-24	-18	7	98	80	62	62	29	1	-89	-80	-2	-34	-6	44	36	-22	90	-86	-42	-4	84	-84	-1	19	31	82	20	-44	-14	-58	-14	79	95	-21	94	-17	68	51	-44	78	60	92	-76	-96	74	8	78	-8	2	6	-5	-43	99	-100	-87	12	-42	-38	-100
79	-50	31	-35	-12	86	39	-46	93	-79	48	-8	28	16	-58	97	-1	8	-62	55	3	59	-54	-48	58	-87	-89	-86	84	75	-89	-7	97	88	-5	34	-27	-9	40	25	-81	-42	23	-75	-13	-79	77	-12	-55	-63	18	-73	-6	-43	-53	-40	-89	-27	24	-2	14	73	-7	84	38	-56	-98	-45	-76	21	-26	-65	-17	98	-26	66	-92	35	-13	-75	-70	-39	18	-90	-7	56	29	-67	-67	-1	44	-90	99	-50	-40	-19	67	-12	-56	-53
-42	-13	-27	63	-79	70	82	-59	39	-19	-48	-98	-86	-21	-8	5	-38	25	-52	4	13	25	5	14	68	-42	26	-6	26	-98	-71	-90	28	-42	-62	-9	-74	14	-67	54	77	83	-56	-73	-73	14	69	-22	53	45	-62	-55	-95	-70	-92	21	-64	-48	65	-42	70	-88	-100	-31	-20	8	-41	-47	-38	20	15	7	29	74	-97	6	7	9	64	-13	33	23	-63	8	-16	-96	77	-57	-36	79	29	63	-38	30	3	-40	-59	-35	-74	-31
-23	45	-37	65	-24	-12	-17	57	-57	70	61	-92	92	20	-87	61	-68	68	28	38	20	-43	-62	5	66	-95	60	27	-19	-62	-73	-89	-52	23	7	46	13	-44	-55	-59	90	100	45	-15	-88	52	-6	5	-43	18	56	-80	-47	-10	-38	-55	20	12	85	97	-35	13	52	-14	1	-15	47	25	-66	94	90	90	-74	-17	-19	95	-58	-64	-84	62	19	-97	74	71	42	-53	96	23	96	-90	-44	-57	-1	34	-88	-51	-64	-60	-63	-51
90	-55	13	-18	87	24	-16	52	31	-1	49	18	-87	-26	98	-52	-10	59	63	-73	-98	60	48	11	26	-88	-45	73	-44	-28	67	-20	19	-51	-20	-92	61	20	-53	60	-53	-89	13	71	-93	44	-33	79	20	30	-29	-65	-6	21	38	-92	-5	23	-42	-96	99	-33	-54	-96	-9	77	-71	97	-28	24	-25	-93	63	96	-14	-75	-25	91	-60	62	-49	6	61	82	65	-34	37	95	12	-4	37	99	-62	-80	10	59	-3	-6	37	-43
-64	-87	-38	95	-55	23	-8	-53	-45	-98	-9	19	-95	-70	23	-89	-90	61	-11	-98	92	-63	-10	39	34	95	-96	65	-99	-86	-8	-74	100	83	16	-63	99	-65	37	-78	-30	-86	35	-3	-50	-39	96	-76	-97	-28	-43	-98	-2	69	-21	-5	67	6	23	-18	-52	-7	93	-82	-9	-6	-14	88	-84	-50	-46	16	-14	12	57	-59	-4	-96	-8	65	21	-52	-11	54	-5	8	99	70	-65	65	-37	-76	-58	90	43	25	35	-22	12	-59
-37	73	-26	83	-65	75	-49	13	-46	-29	-94	-36	-33	-24	57	65	61	-95	-45	21	-17	-47	-48	34	64	-3	43	-95	66	-29	64	33	73	-65	88	26	-8	-42	78	-98	28	44	-35	56	-96	-89	-23	-81	16	-84	71	-42	-59	54	-22	99	100	14	80	-46	-66	-74	99	-22	94	-13	5	84	72	49	41	-41	81	55	-41	72	1	96	-30	95	-90	44	30	-91	71	43	-91	42	49	-17	82	-33	42	-11	32	9	72	-39	-72	-16
-41	22	28	93	-92	-73	-74	-3	2	-18	-6	-32	99	-21	77	83	79	-43	-63	-10	27	89	94	-30	-18	-37	89	34	-59	75	-19	23	-36	-93	-26	-55	57	33	-29	44	34	-49	-81	-82	58	-72	40	-40	-98	0	-38	-95	-68	-2	-62	82	57	23	17	-15	-96	-51	-74	-41	29	-14	46	94	67	-86	-1	-65	-98	-31	82	75	-16	-88	62	-98	-90	-65	64	37	82	-63	-2	82	39	-83	49	-99	74	43	-23	52	-20	-43	76	-64
-47	14	95	76	22	93	97	27	92	58	-41	-28	-63	-37	21	-11	-32	-56	52	65	-88	-48	-61	-43	-26	59	-50	48	77	-52	-62	95	15	99	-39	74	-29	46	52	60	-40	32	74	-20	-29	4	-29	-84	63	95	34	24	-34	91	-80	-14	56	-58	-82	40	91	17	22	12	12	36	-31	12	-50	26	-73	-65	-6	-45	-82	-30	-57	55	63	-87	-15	37	-65	-95	-38	27	-24	-88	1	-97	-13	-47	44	-83	43	64	-92	-55	70	29
54	47	-69	74	6	-60	-17	49	-59	31	20	70	92	-73	-47	-24	-97	7	-55	2	51	92	-22	13	0	93	-69	15	-6	-17	79	50	-24	17	-60	-70	-13	27	-30	97	8	-26	92	14	58	96	24	-11	-1	94	-13	-30	-33	-17	28	-78	-1	-4	54	-88	-97	19	81	46	-65	37	96	-54	-52	89	-12	57	83	12	-38	58	-37	-31	89	-94	98	98	30	96	-7	12	91	-96	21	-14	96	28	73	46	62	-20	-57	-7	41	51
-7	48	-55	47	-81	-27	25	14	36	-31	-19	5	64	46	-21	63	-56	-99	62	53	64	46	38	-45	-52	92	-68	33	-65	-84	-85	59	99	44	-29	59	25	-1	-100	68	-36	-89	-87	-56	-18	25	81	84	-9	28	-30	99	-2	-81	9	-20	87	32	-24	-48	-64	-98	25	-27	-79	56	5	-46	-9	-94	62	-42	71	-32	-99	98	0	-34	-11	11	7	73	80	13	65	40	97	38	93	5	-15	-17	-5	86	72	17	-10	98	-7	-46
84	-12	-15	29	-52	-89	68	-93	-51	-99	45	43	42	2	85	96	-38	6	85	-21	-73	-33	-18	-13	-66	-65	95	-40	5	-64	-90	-56	-58	41	-95	49	15	-5	-29	22	27	97	19	17	-65	-76	-57	-38	60	96	-9	76	89	99	-85	-49	-29	-33	-66	-40	-85	-7	-55	66	31	7	42	-38	5	7	99	-94	26	-58	-61	3	98	-75	50	3	3	-80	-22	-38	57	50	-2	-74	31	-82	-29	-95	-72	16	69	-32	-22	29	72	-56
-11	96	-69	8	-4	84	1	38	-55	-82	39	-98	-42	49	-23	-50	-84	11	-77	33	90	-97	83	17	-96	50	-59	59	52	-33	-8	60	-45	-70	27	69	-26	-42	52	17	-44	-44	-31	36	-71	-53	55	-18	24	57	77	-38	3	15	-21	-80	-84	81	-3	-83	0	25	39	-97	57	84	-10	-15	98	-47	-2	-62	80	86	81	63	-16	58	30	87	36	76	14	91	38	-82	55	-57	-78	40	-69	-92	28	65	4	0	-91	85	-57	20
16	-48	24	23	-23	84	-87	-16	-6	90	-96	-23	-50	82	18	-66	64	-68	15	51	22	95	22	34	30	-71	69	-68	31	-4	-65	-96	1	-66	96	46	-81	31	62	-28	60	-24	-99	-40	67	-55	-68	26	77	25	-96	-53	61	74	38	-39	94	-30	11	-93	89	35	-61	5	-94	-46	-88	100	-84	-79	75	-47	43	19	-47	49	-25	94	57	68	-11	-91	69	-39	12	62	-16	79	-18	36	67	96	20	-66	63	73	-77	14	97	56
75	-20	-41	-49	81	62	39	-18	1	-82	63	-21	-22	79	-21	12	58	-83	-27	-97	-61	62	62	-41	12	-86	-11	-41	33	-75	39	1	-24	57	1	60	3	-98	-73	-98	-61	-81	-59	91	-67	42	-72	6	-73	-37	-89	-79	63	41	-11	25	94	60	85	67	15	-46	-35	-92	39	98	-89	-92	77	-83	-2	-26	-2	50	17	-72	-45	-3	44	-40	-29	-32	-79	87	-30	52	-52	84	-24	-6	-88	28	3	-38	64	4	42	80	70	17
91	-59	32	-11	14	96	-97	-59	-15	61	64	-78	-77	6	51	-5	-64	-40	95	13	66	30	62	-5	-100	-13	35	12	-93	61	73	-76	72	-66	36	89	26	36	59	-100	53	17	-43	31	-34	-90	46	-37	-7	8	-47	-88	-21	85	54	19	39	-62	48	-92	-75	52	-55	-81	19	62	20	-77	-60	-56	-16	-26	-95	96	1	37	-52	55	-2	13	-37	74	-96	22	-14	-99	96	98	78	-82	42	-39	97	-4	-96	21	43	-7	-98	24
29	-36	13	6	-85	41	76	-91	-24	3	-61	57	-48	52	87	23	-69	33	-84	51	47	-96	-66	-26	-71	7	-78	-65	-87	-13	32	31	60	23	81	-8	99	-4	-27	-100	89	92	-14	-28	37	74	-38	23	75	-29	-48	24	52	56	19	99	60	91	-58	-50	-7	37	4	70	24	-53	78	-23	8	1	60	22	-5	69	-38	-71	-54	-53	-34	-39	62	-19	25	-57	-67	69	-19	99	85	98	98	-74	-72	76	84	-1	25	-100	-92	-64
30	-86	-73	36	46	-90	-60	23	58	-46	32	-26	13	8	-27	-75	-65	-37	9	-24	-48	-33	24	27	9	-58	-15	-14	-44	-99	-77	-48	32	-92	63	-94	10	30	-1	-59	-38	-24	95	-46	-81	-94	79	-30	-50	-91	72	100	43	84	-45	-98	-23	-68	2	23	-54	-17	-26	84	-78	80	-9	59	48	-55	-12	39	-89	87	-66	11	73	39	80	25	6	-23	53	73	-2	38	70	75	-87	-71	63	-57	15	-56	-19	8	39	10	-55	52
42	5	17	23	-46	-96	26	85	94	63	43	-7	74	-2	-93	-45	-5	-77	73	-50	-80	-43	74	80	87	-89	29	54	-64	94	-11	-45	-89	-97	35	-33	84	-89	8	28	52	-2	90	-89	-51	62	27	-71	-33	5	17	-22	70	49	58	-90	-4	59	-68	28	-91	60	38	-6	69	-3	3	-5	48	-75	-65	78	67	52	-60	-35	66	10	1	20	34	-27	68	5	82	-95	96	37	59	-63	-34	-12	-98	-43	81	-12	67	-25	-4	-35
-68	38	-40	56	30	40	81	-26	50	71	-28	17	-18	-49	65	-8	46	54	48	-63	-32	-72	66	91	48	43	-46	-58	-84	-86	-89	75	97	-1	86	-49	28	-84	-66	31	92	-76	-4	78	59	79	23	-49	76	0	-75	-80	92	69	-2	-39	-79	-94	-53	-58	26	98	30	-13	73	54	-75	-86	13	95	3	-72	53	61	-19	-44	-61	23	-55	90	40	76	90	-2	-84	52	-85	-18	-48	-26	-27	2	-33	55	98	-46	-70	-66	-8	-19
18	-62	-100	19	-64	44	-52	-87	-33	-10	-85	83	60	11	28	-35	40	5	-39	28	26	-68	16	46	-73	-28	-7	-72	78	52	-90	-26	-94	-21	-28	27	-55	-27	9	-15	96	-73	-50	0	84	7	-82	-40	23	99	-53	66	-25	36	11	54	86	-89	-32	-69	31	-97	54	56	-4	19	84	-63	-30	-17	92	93	72	-68	3	-100	-24	8	13	-37	-21	-72	-7	-44	-65	14	34	-22	31	5	-36	85	95	26	43	2	-69	2	64	-25
-15	-65	-7	21	-48	82	10	-85	92	58	-94	1	87	47	49	63	66	-28	15	76	-60	94	-35	18	-71	45	-42	-23	-21	90	-48	-28	98	-72	-25	41	41	57	86	60	-35	-36	-82	98	-3	38	25	80	-31	-12	32	12	-26	-99	-17	-16	-87	-1	80	-69	9	-27	37	3	-85	49	-6	-85	89	30	51	0	-74	40	-83	-52	90	-2	78	-90	39	-39	-20	84	32	-100	46	-41	98	-25	60	-75	-78	-37	70	-42	-52	40	55	95
-23	-8	-98	100	89	92	59	34	-90	-16	-3	-59	90	36	51	-3	-92	-16	83	85	-49	63	24	68	14	61	-70	66	44	-29	0	-99	-96	-64	43	63	-42	63	10	24	40	70	40	67	-45	-24	80	-26	97	-36	-45	-4	-68	19	-25	-76	-81	-2	-42	-77	-23	-18	-66	-23	90	96	20	48	2	43	77	80	-24	88	-94	98	77	-68	77	45	-93	-78	-34	35	76	77	-83	69	46	-50	-75	-18	93	49	53	92	17	-74	-16	-42
62	76	17	-75	76	100	-17	37	45	-64	-46	5	-79	57	-28	20	-66	-83	74	86	4	-88	15	-72	-97	45	7	-71	99	58	32	7	57	40	-13	93	-14	-77	-53	-77	84	-19	42	78	-7	-34	-1	-56	-91	30	31	55	28	13	55	33	-92	-17	50	-93	66	-100	86	-53	-4	-1	-76	-43	-36	70	-59	-23	4	8	-30	-13	-34	-53	-43	46	75	49	-48	86	52	-38	-3	99	30	-75	-35	-82	100	23	44	75	21	91	-59	-95
16	-70	34	21	15	-36	3	75	-4	8	86	-71	64	-60	-4	-44	99	-10	26	97	-97	-85	25	-85	-14	86	-88	-39	38	53	9	90	-97	28	12	-19	-87	-42	31	0	40	-34	70	-62	-94	69	32	68	-49	2	-94	-25	-31	-15	12	-95	-15	-18	-67	-47	-21	-91	-92	-12	59	-55	42	61	-24	-17	-42	-19	85	-13	36	16	-7	33	-54	-9	-54	-28	23	71	-35	-90	-27	-75	-25	-81	93	0	73	50	-93	-68	-98	-30	-94	-1
-38	-57	-68	-73	-72	73	-55	90	-54	-89	-26	87	-99	-44	24	-86	-59	-88	-27	-87	7	63	74	-1	-10	-14	60	97	90	80	-89	-39	26	-16	79	95	14	60	52	69	-58	97	13	18	5	69	-22	1	18	-83	54	-29	53	-64	-93	-18	-85	31	-54	5	-88	-29	-74	-62	-49	89	12	99	82	66	7	-30	-82	-76	-32	18	-38	-13	28	15	79	79	30	69	50	-29	-89	4	-12	-13	79	30	-10	-18	-16	1	-76	41	98	-43
21	-31	-37	-67	-13	-79	97	-80	-56	-93	-28	2	14	-91	5	56	5	96	-81	-84	34	-27	92	70	-1	93	-77	73	-32	-16	-21	4	-64	87	-36	-74	52	18	-3	-94	-43	11	81	-18	-64	18	-33	-15	41	-31	-52	-53	-57	11	61	36	-73	86	-68	53	32	-93	43	-7	94	20	-41	83	40	85	-56	-90	65	-7	-41	-80	-48	93	-44	-13	20	-97	60	-30	-82	-94	-97	-13	-66	97	84	76	29	-43	20	-58	-49	19	86	9
23	-4	0	-64	38	73	-85	100	98	-80	-20	20	-54	46	46	-35	-65	-42	15	-91	-12	97	66	-58	34	4	-1	72	-79	58	86	71	-75	-80	33	48	-19	62	43	-79	-49	43	18	-73	-12	-91	32	93	-4	68	-52	54	39	-17	77	80	-96	29	23	65	21	90	-81	33	22	85	57	-74	8	17	-42	67	-89	-34	70	-67	90	41	61	-35	32	-70	-92	100	-15	-26	-92	-83	-60	-15	-76	34	-28	26	-94	27	94	96	99	81
32	-75	-61	-32	96	51	-25	45	-45	95	-27	-70	-30	-99	-35	78	52	-64	28	-17	-85	-47	60	-57	70	0	-95	-80	-32	29	38	-23	-3	-19	-56	-7	-81	29	27	-38	50	45	95	-73	57	84	49	-79	72	-77	65	-28	-44	50	67	-41	64	-83	-6	-62	5	16	6	-62	-78	52	48	-92	20	-93	-29	-2	73	-85	15	65	-67	-35	47	-75	-4	-96	51	-62	20	26	84	-42	95	6	-46	-60	-2	-29	-13	18	-50	57	1	-98
-29	48	98	-80	7	-62	22	-46	56	47	97	-61	22	-63	-91	72	89	10	47	97	-1	17	-90	55	45	6	82	-83	25	48	43	-27	59	45	-9	5	-10	-89	-71	-42	57	7	-28	-22	38	-16	-20	94	12	-12	-33	16	80	36	-49	-56	-87	72	-76	-51	-7	-49	-8	-22	72	-80	10	-72	6	-69	84	97	-42	48	-65	41	89	-91	-94	-34	85	53	50	97	-85	74	76	-7	64	-7	-94	-56	-54	-17	-24	-36	16	-6	41	-36
13	-35	-15	-41	33	32	-53	75	11	-56	6	-23	-84	25	73	-12	-70	-21	-71	13	-73	-98	99	-59	-76	-90	-69	-71	78	89	-70	-35	96	-34	-63	39	17	31	95	68	83	97	83	18	-76	-85	-24	-71	-88	71	59	-55	-27	-1	-41	74	28	-69	-4	75	82	-98	-91	22	-65	52	89	57	-30	-28	53	-52	42	-64	82	66	10	-49	95	-94	95	-25	28	-71	35	89	-37	66	94	-57	-56	-63	26	69	-14	-1	-17	-86	-65	-50
-41	21	16	84	-73	6	-38	-36	-53	33	75	93	-10	77	37	-75	-76	97	-91	3	-8	-47	-100	40	-86	76	79	-60	79	10	-45	-25	55	-65	13	-60	87	82	46	-37	52	-90	43	-92	67	-74	95	-10	72	-22	49	70	26	60	58	-2	30	-10	54	-61	39	-51	-9	-9	-41	-88	-89	78	22	57	-54	-53	-74	-81	-99	-87	72	70	-91	8	-33	88	34	51	-31	-86	-6	-36	68	-91	59	-96	-52	60	77	-24	72	80	52	-79
-10	-71	14	83	66	15	0	99	65	-48	88	23	80	28	-2	-38	7	-71	-87	88	25	18	-57	10	-23	-46	-52	-37	87	22	43	-25	31	54	-22	10	-7	-87	4	-69	-14	-83	-42	-65	35	59	16	-41	73	-2	88	2	-83	-67	-27	-75	93	13	-18	48	19	22	48	18	14	-20	-25	5	-75	43	-16	-29	53	-72	-68	78	-80	3	11	87	-5	21	-95	-1	43	11	-96	93	-39	-67	91	68	91	96	-52	54	84	-29	-92	-86
85	-32	63	-68	-69	-96	-53	-3	74	-62	34	-13	82	-15	-78	-80	-84	-49	-9	-73	79	-47	24	93	-35	-46	24	-21	81	-32	71	-30	2	89	-48	2	26	-51	18	99	6	17	67	-80	-42	44	-16	4	65	-67	96	-18	-84	-7	-96	20	-78	6	-19	91	96	-51	-74	-2	71	-39	85	-2	100	44	10	47	-52	-85	30	-8	-98	81	-19	48	61	28	48	57	-91	-61	62	100	47	-57	-80	67	-19	12	-69	94	-70	-51	33	-9
80	87	-46	78	56	48	44	-32	-65	8	27	25	40	53	-70	60	-6	-77	-45	-76	91	-90	82	-49	-43	10	-62	65	35	-27	-86	-54	33	-54	-74	29	-46	72	91	-14	-90	-2	7	49	5	-77	-83	21	80	-75	-53	-46	38	77	-71	-73	-67	4	-31	98	-9	-26	-88	13	60	45	-70	-84	78	72	-12	-23	-22	89	-58	-71	-49	-53	6	19	-100	25	88	39	-86	44	42	94	95	-80	-19	-48	-12	-82	-80	-67	-17	55	3	-51
-13	31	13	-44	-55	51	72	18	-68	-27	100	97	32	-39	57	46	55	9	-79	95	45	68	88	3	40	14	-7	-11	82	-10	61	56	26	22	-79	-89	21	39	57	-75	-55	-3	46	-35	79	65	80	-88	-18	-62	75	-52	-25	-35	48	-9	-79	-57	45	-77	-86	-27	27	-65	-13	76	84	97	-76	-55	18	-84	-49	-56	-50	25	-75	60	89	-44	-19	-94	-82	94	64	98	-78	41	-61	-94	-96	29	-39	84	-33	-86	60	64	-21	-41
72	-33	-32	-91	-91	-56	-21	-34	-62	-69	15	-57	-94	-88	44	-95	91	-47	28	51	-96	80	41	-28	86	99	79	15	-29	-33	-75	-70	15	34	-10	-74	76	89	-51	51	39	-84	-59	-74	-61	8	69	96	82	14	58	-81	77	-94	43	66	99	-75	14	-41	-7	66	-2	45	71	-12	48	38	-66	32	-57	-29	-72	54	52	-92	-87	-11	-13	-50	-42	39	-72	-90	-90	-39	4	-87	26	84	0	-93	-84	-95	-24	29	52	55	-52	31
-97	7	-90	-54	-87	-6	96	-65	99	82	32	-9	-48	92	-21	90	-89	-90	-24	-52	-72	39	8	-94	-61	44	30	95	0	86	8	100	48	10	-47	-71	19	-54	51	-63	1	92	40	-48	-56	41	-39	-84	71	-18	-12	55	-9	-85	-82	-71	30	57	84	59	36	-3	-37	23	-7	28	64	1	-76	-9	-64	26	-12	56	-30	-27	33	93	1	100	75	78	-15	-90	73	57	-41	-54	-8	-17	-16	-59	-50	33	81	93	51	32	-44	-98
38	84	-87	-12	-62	-99	-74	-90	37	-90	95	-86	1	-51	-20	-77	-79	1	-7	74	-4	-97	-25	56	-25	-25	94	-58	-49	-62	-13	50	-84	59	-2	-45	39	-49	2	-10	52	-92	-71	91	-98	-44	-17	-95	1	71	14	-6	-25	56	28	68	58	-79	5	-89	10	21	-3	-50	-91	11	75	-48	-4	-18	72	-95	-22	-60	-26	68	-10	15	54	100	20	82	4	25	-75	-90	7	-2	72	-24	-86	29	41	81	58	87	48	-59	23	93
-64	70	74	-28	-26	18	-45	-89	22	-99	-5	91	67	-62	83	-59	-86	53	2	-85	-14	0	21	-10	84	4	-61	13	-48	-73	-64	-95	82	13	73	3	-83	-78	-84	-44	40	-59	-43	21	-46	23	-33	-67	44	83	-37	-14	-99	90	-26	3	71	58	23	-23	22	86	-62	97	42	-74	-39	98	-61	-1	45	12	-74	8	-94	-17	97	-85	51	49	77	60	-33	5	-25	-64	-17	35	-64	95	3	50	45	54	-26	-65	18	-91	25	-89
-66	15	-8	21	-13	70	-9	-37	12	75	-29	17	-6	-63	100	30	82	30	-76	81	-48	66	-24	-30	63	-30	-76	44	7	-29	2	-6	94	-89	-49	63	-99	-63	51	-73	-100	-54	6	62	-91	-14	-5	-73	-60	0	12	-50	-9	23	39	63	-95	67	8	-77	38	3	-42	89	-91	25	43	68	4	37	87	63	-35	84	66	44	98	-2	36	79	72	58	-62	10	50	-64	-39	66	-55	57	46	-29	-31	-32	44	-96	-77	1	-92	-37
54	-35	-31	62	83	-51	11	35	36	85	26	48	11	-5	10	36	-55	-15	-18	-43	-52	31	-44	-2	68	2	-44	24	5	36	-5	18	0	62	94	21	67	-96	-94	-11	32	96	-55	96	78	-39	-64	-28	-14	-92	-35	11	57	88	-87	-44	-72	75	-40	-24	-35	10	-75	-65	29	51	55	-81	100	-83	-83	-54	99	-13	97	64	-18	36	-10	71	27	-49	95	-37	28	83	17	55	-11	95	48	-3	-32	-52	0	-1	-65	99	-99	58
0	-3	9	-92	-70	5	-60	70	-19	-25	60	-54	67	97	-67	-100	-94	-95	-1	-86	-34	-61	61	85	-87	84	6	5	99	-95	47	-59	-40	-64	2	-81	-52	25	52	97	-42	49	-16	4	71	-92	20	53	9	53	-42	-76	-68	34	35	-64	-89	45	-33	8	34	-47	26	98	58	-38	-2	23	-62	-18	-60	3	79	-39	51	65	-6	77	-13	-5	-40	18	26	11	-48	73	71	-28	-93	-90	30	73	20	-39	-30	60	29	42	-52	32
39	-60	63	7	-93	-54	-43	-43	91	94	99	-47	84	-42	-38	-63	70	52	23	-98	-26	-32	91	-69	85	-80	95	-92	85	-1	94	28	25	-65	-99	86	-97	-13	9	-15	98	-80	-69	49	73	71	-32	79	-80	-50	-3	-21	-99	-91	25	98	76	11	22	55	51	14	-36	8	60	98	-25	-25	71	-78	23	11	3	-65	86	43	-39	-18	78	27	5	-5	-65	-41	-28	13	51	36	65	-74	1	80	-95	56	-42	-79	7	82	87	70
57	-87	-20	-90	-26	19	79	-19	-14	73	89	-43	24	79	38	-60	34	19	-28	-24	94	19	-25	15	97	-20	26	-96	95	70	26	6	8	50	62	-11	61	-72	-8	91	-98	22	76	86	-23	20	17	70	-8	-42	-23	91	-13	-19	-78	-81	63	-18	-28	-58	66	-22	13	-83	16	-13	21	-97	-14	87	54	99	76	94	-99	-32	2	97	17	5	86	41	-50	-47	-9	-73	-71	-16	-33	-80	-73	31	-81	86	41	29	28	91	22	-68
-99	-39	-46	-2	81	99	-26	9	46	-21	-29	-93	84	-87	-82	40	20	-60	25	88	98	-88	-95	-66	49	-32	3	-32	99	-7	-70	17	16	13	9	-44	-97	-62	-87	-87	97	-70	-77	-89	-34	54	47	62	-29	67	-15	-71	-50	84	-25	11	28	-72	-2	96	90	-33	-26	-98	97	23	93	-78	-72	6	71	31	-27	-39	68	15	-19	29	71	3	-97	-57	-18	91	-1	-69	45	65	-44	26	10	-57	-11	-48	58	-34	-41	31	-45	0
87	78	48	77	-68	-84	13	29	-28	-76	-7	-68	-18	-62	64	-32	14	59	87	54	-79	27	-78	24	-44	40	55	-41	85	-11	-93	-24	-79	40	-3	36	80	61	-13	-37	-15	-37	-24	-98	88	-73	-72	32	-72	-74	97	-18	41	41	23	46	-77	55	-33	27	7	72	-30	69	-62	79	91	53	2	80	43	-70	38	27	44	89	-13	52	53	-89	-20	-46	-94	18	23	-63	2	96	-36	36	56	38	81	-19	25	32	-36	39	-79	76
32	-31	80	87	-82	-22	7	22	85	-99	23	9	-99	15	37	-45	-94	-99	49	-20	-61	-31	-76	-63	88	46	-70	-73	-94	58	69	-49	80	91	8	-45	93	-55	92	86	-46	-54	81	1	-11	87	31	46	-31	-43	-41	-34	43	-46	5	98	-19	-55	-5	32	-86	-60	92	-48	-80	78	-63	-39	0	23	-37	-56	-23	20	-25	97	60	100	46	-65	24	73	84	49	-27	97	-82	-97	-12	-44	53	73	-4	87	31	-5	40	-99	66	-97
-5	-70	-76	-28	8	14	30	-9	-66	40	81	-41	-85	-63	-100	-63	26	-83	-97	91	82	-98	-26	58	-34	-59	-37	22	95	73	75	74	83	17	-90	22	27	-85	-37	52	-24	32	-66	19	37	88	-31	10	5	8	38	-47	50	-91	-34	-16	76	63	76	-90	35	-71	29	65	-9	31	21	76	20	80	-34	-16	61	26	32	16	-13	-61	-45	-48	4	-20	16	-16	-15	-4	9	31	-98	-3	21	61	93	9	-26	-36	21	-37	-9	-92
59	-52	-95	-45	-64	-28	11	31	32	-36	38	-88	37	49	85	-77	-100	44	79	94	27	13	-68	-3	-14	45	61	-34	3	-32	99	30	51	29	72	-26	24	92	-98	-67	-94	44	19	37	22	3	35	99	98	21	67	-56	-55	-55	13	-86	-36	38	-50	-2	9	72	-73	87	8	-83	-89	80	-29	58	-1	-10	21	70	-9	-40	62	16	-95	52	35	93	71	97	-45	64	-19	-38	58	-52	-69	95	-55	97	-50	30	56	78	10	51
-3	-9	-42	-49	-27	-7	52	-68	-80	29	-14	-57	19	9	16	-82	67	44	71	-64	-15	31	8	-28	-68	23	6	-93	68	58	-24	-93	-41	-23	-90	42	-1	-47	81	-9	64	34	-20	75	61	-94	-95	51	53	72	-60	-39	59	28	-98	31	34	55	-47	61	11	38	19	-6	42	-29	77	100	-93	-12	-22	13	5	11	66	-83	-93	-34	-24	-81	-83	-63	-10	-95	-55	19	-13	31	43	-22	82	-33	34	39	40	-73	79	-74	20	91
48	98	-70	93	44	35	58	-83	-21	-72	9	55	-76	71	-45	17	-28	-52	89	32	-1	-43	31	-73	12	-85	-55	-75	71	-26	-14	-48	18	-47	-68	-39	33	74	-8	25	-41	15	-38	-10	-26	-35	78	-6	-16	-1	-58	29	94	-73	54	0	39	-29	-13	-86	35	98	-69	-45	-80	-91	96	-78	44	-100	17	44	-48	-61	-66	-41	-72	-19	19	-83	2	-2	37	24	25	-74	52	29	23	64	-97	61	-77	62	-38	-82	17	41	-14	61
86	-10	-1	-8	-51	-95	-66	-2	31	82	63	28	-31	63	7	45	26	32	66	40	97	50	75	63	-8	96	-67	-25	-62	13	71	-92	-74	45	12	18	-60	-36	30	-40	67	-28	56	-60	-41	40	-67	0	-52	-35	-62	32	45	8	89	-38	77	52	29	-73	28	63	-67	-39	82	60	-86	58	-71	-39	91	63	-60	-4	-35	83	-37	-94	89	4	-49	-22	-23	94	-56	63	-10	50	17	35	-77	59	-100	56	-69	88	-95	-95	-32	-87
89	81	82	49	81	-70	97	37	-48	62	-3	-57	48	-50	55	-92	14	16	-67	-10	54	-10	62	-5	-31	-64	-13	-61	77	-4	14	73	-82	-88	-77	17	20	-29	6	-43	-59	-77	-7	-71	36	94	89	90	9	54	-80	-6	99	67	-57	-11	-96	-45	-19	42	22	63	-33	65	75	-95	-18	-35	91	-68	64	-64	34	-97	-52	51	-97	5	32	74	95	-34	1	73	7	63	19	-79	-77	-18	-28	95	3	35	38	-23	78	-89	-50	-88
-64	3	93	8	-13	8	-82	-93	-22	-30	-13	-73	77	-53	-15	100	33	65	29	-81	84	40	35	1	-87	31	-67	37	75	-14	-64	-7	-61	-79	38	-8	47	-34	-89	-26	-78	-50	3	-16	-73	-99	92	-56	-15	-75	-41	-16	-19	-22	67	-12	-97	-12	56	-29	72	82	45	-67	63	85	45	88	-54	-16	19	28	67	-89	-87	53	-2	-91	77	9	73	-20	8	-94	-93	93	2	-58	67	2	26	88	-49	33	-24	61	2	18	-33	-92
53	3	54	-54	-57	-30	26	30	29	-90	-47	-76	-39	-41	-55	-67	-83	58	-100	71	-30	-59	58	-97	-43	89	6	34	-4	29	33	-5	40	66	87	-19	12	-49	39	43	79	-9	74	-11	-53	26	16	9	-9	-94	63	-99	53	93	-3	-42	40	73	-86	9	65	27	17	-17	-31	92	-32	-65	-88	-92	-34	-57	64	-78	94	-5	-37	-67	97	-14	-36	-14	-74	-56	13	54	-99	-17	-74	74	-77	73	94	-64	53	-64	60	-62	-91	69
-39	-19	94	42	76	66	7	0	1	-82	-31	-55	-69	14	2	84	3	-52	62	74	-65	-99	-26	-72	-73	-3	-96	99	66	40	82	-43	-59	-50	-29	86	-21	-79	-42	40	-62	77	-29	-10	95	-53	-25	21	17	41	-82	-98	44	7	89	40	-38	-8	-23	-94	-60	-94	-54	0	-53	-75	-86	34	74	62	-41	-92	-39	18	69	-31	50	89	64	-19	79	69	89	53	-49	-4	-61	40	69	11	-54	-49	87	-61	-30	73	87	-8	86	2
-16	42	72	77	30	-43	-24	64	59	-55	99	97	43	45	-60	-22	-40	61	-19	17	42	-95	-20	25	22	-47	47	-11	78	77	-98	23	-89	13	-25	85	-81	21	26	44	62	67	-1	-27	-72	25	-63	-17	-39	85	38	-92	98	-63	-79	97	-21	-99	16	-75	47	-3	-31	-86	-30	-90	75	-3	96	-12	47	4	31	-69	83	-13	36	4	53	97	-13	72	9	74	40	-26	50	-83	92	99	-33	-96	14	92	-18	-93	-95	77	-76	45
-18	-51	-39	-8	3	-16	-22	45	-87	84	9	-22	-66	-18	53	-64	89	22	61	16	95	-42	-84	28	-26	-62	36	-71	61	12	65	74	-13	84	18	-41	-64	-35	-27	-81	56	-6	36	93	-19	-90	44	-77	-71	65	81	-43	-10	31	-74	57	-13	-52	18	-46	85	75	-100	-37	50	-18	14	-41	-92	-65	14	-95	89	48	36	43	13	86	55	-70	-87	65	-27	61	32	-65	-48	-50	45	86	-18	21	78	61	79	-46	6	44	-72	41
-69	-66	-8	-18	-66	-7	67	82	7	97	-64	-73	-59	91	-4	77	-51	52	84	94	-39	-21	5	56	-88	-1	1	70	-75	-64	66	43	-30	12	-58	13	-41	-90	-89	83	-96	-89	-42	14	35	-18	-44	-32	30	32	-30	90	95	-42	-10	67	-27	29	13	-58	-3	31	36	49	-62	81	31	67	-46	16	-99	60	17	47	-64	-67	37	-88	-23	7	4	52	19	-31	-24	85	-81	-88	84	-90	10	-72	20	-82	-13	26	-64	33	29	93
42	19	-68	-76	-47	35	24	18	98	-3	14	-96	84	75	97	-94	1	7	89	71	83	34	-26	24	67	26	83	-78	-76	-20	-84	-2	97	24	85	72	-71	52	100	21	28	-60	-26	-37	-42	-67	14	22	83	-3	-69	3	-20	5	-11	42	67	52	-60	-17	31	-80	-11	54	45	85	-85	-98	20	-82	68	19	18	8	35	-33	-30	100	0	33	-64	43	54	70	-62	-48	-65	75	-53	-55	-45	-48	92	87	-57	11	-48	-84	7	30
34	51	81	79	-52	35	-26	-67	6	-49	23	-55	89	-61	-35	-13	54	100	-36	54	-24	27	-45	-79	-96	-89	-41	18	25	1	66	43	80	-6	-29	40	-68	91	60	4	53	-40	-8	-66	-88	81	91	97	-96	64	92	79	-38	-6	-41	74	-43	96	94	36	-56	46	-79	74	4	95	16	26	20	-91	92	33	-22	-20	-71	-69	-32	38	-44	88	53	31	-74	44	-70	37	29	-46	50	-60	41	5	63	27	-96	-42	26	62	-27	77
19	71	86	72	-51	-33	39	-50	39	64	-31	75	21	-45	-33	-39	9	50	-43	-58	45	-8	41	73	78	11	-1	22	4	-65	71	-17	8	-7	20	26	43	51	-74	-41	41	-47	-27	9	42	-60	-88	88	74	-34	96	-68	-42	60	-14	90	41	-42	46	42	30	84	-58	-82	-10	74	9	-3	89	-78	8	61	-60	-46	-27	-84	68	84	63	64	65	-72	-55	-71	84	44	-53	-65	53	-39	90	17	-40	15	38	-77	-76	-1	-48	-71
44	-93	23	44	45	-14	-45	53	-88	85	67	31	-79	35	-49	46	-23	73	73	34	-46	61	-17	65	59	-68	-34	-55	-25	4	-55	-54	19	-22	18	-65	-30	7	-11	-6	55	82	-53	-72	-87	92	31	14	2	-8	77	38	31	-70	-60	9	92	-14	18	36	-68	-64	30	5	-39	64	94	-15	45	-24	-24	-55	-54	44	95	-37	-92	-96	-51	99	-13	4	0	62	88	32	-4	21	-70	79	9	80	-89	52	17	-38	-97	97	-7	44
10	95	-73	-53	-77	12	-14	-83	-98	-3	98	92	18	-36	-26	-25	8	3	-24	-49	-1	-78	39	26	-15	-36	-41	-43	29	-93	90	-33	72	31	-62	89	-38	-17	-87	-60	-82	78	-53	91	-70	21	89	-2	24	-82	66	-39	-17	10	90	-54	-5	75	57	36	47	-70	13	91	-23	3	-70	57	-91	43	17	47	66	84	53	50	60	-87	-64	-84	87	-44	-99	82	-61	-33	5	95	46	-31	65	2	36	-98	-13	51	-6	-35	-75	-75
85	35	42	-64	-13	-87	90	86	89	25	4	-77	-3	-96	-9	47	-35	-100	29	33	-58	-30	-71	53	-93	20	65	-96	-66	-51	37	85	80	-44	0	-57	-64	38	48	25	93	-91	-55	-41	25	-22	-39	53	-94	46	-31	-57	-71	-97	-20	44	-38	-63	-38	23	-73	49	-89	-41	54	-28	77	-53	-23	57	-18	-54	11	47	33	61	52	-50	-64	62	-4	92	52	13	-40	15	51	74	35	38	-22	-9	36	-63	30	-50	-95	57	-57	-49
16	-68	-94	69	10	42	51	-97	57	-20	-77	-67	27	86	52	-25	37	-78	-3	3	28	-55	-61	-5	-51	39	84	-35	-67	-4	41	-13	-14	-54	-90	-11	47	-34	56	-82	-77	-97	-67	83	6	-59	-41	-97	-40	-75	34	-64	-17	56	-55	-45	-51	27	-89	77	22	19	81	56	23	-35	-72	54	6	-78	73	-90	72	-23	-91	-75	19	98	1	-4	8	44	-92	-7	36	-8	-68	-7	83	62	3	-83	18	-68	-83	7	-100	59	60	80
82	-72	-91	71	58	34	84	-41	28	-92	-67	-18	80	-76	56	-41	-73	58	22	-92	-87	-46	-27	32	-18	-6	96	-97	82	-35	43	-57	6	74	5	91	54	-65	-87	46	33	-17	-77	16	-84	48	-2	40	-62	10	61	38	-49	10	-16	-25	6	-54	-34	-37	-63	50	0	1	-6	-17	44	45	-50	-81	41	-57	99	55	8	87	18	90	-81	2	-26	-6	64	88	27	-13	9	23	93	81	-29	-60	-37	22	-49	-75	35	21	-95	-43
19	37	-93	-84	66	11	-90	-90	-60	-21	75	-66	38	-19	-69	79	8	1	-18	-5	-76	-81	-99	22	-48	32	48	-78	18	26	-37	98	26	-40	69	-77	1	-87	-74	-86	89	23	-55	14	90	17	-54	27	-64	54	14	-9	24	33	7	6	-14	33	23	7	71	-55	-92	14	-18	37	-64	78	19	-42	-37	7	-45	-18	-62	66	-45	-42	95	-45	-20	-24	6	-70	54	29	87	-38	-16	29	-65	49	47	6	76	-67	2	68	76	46
21	50	-61	97	7	2	-83	-4	59	78	61	69	22	61	-100	-9	-6	88	36	12	-25	78	41	-68	57	16	-79	85	-52	39	-31	-15	18	-5	13	62	69	82	89	-77	32	9	-64	72	-43	13	0	26	45	31	-75	48	82	-29	66	1	-58	-82	21	-63	-39	-92	70	-66	31	26	81	75	82	-83	7	55	6	21	-66	39	-32	58	51	48	-99	-59	-82	-94	-12	-29	14	94	56	95	89	-59	76	-76	96	16	-15	-99	3	-94
32	-83	76	36	70	-74	9	-26	-62	2	76	-98	-21	95	-83	-99	78	53	93	77	-52	-99	-52	83	-46	-92	-60	-73	-36	-65	-76	-81	-31	-41	66	-33	-58	38	62	46	-33	-13	-37	-35	60	-23	-16	-64	-72	29	-16	-94	-34	15	-58	-99	87	-23	24	92	-53	70	50	56	-45	21	35	-82	-70	-84	-70	-26	37	-30	-69	55	-54	88	67	84	-14	-85	-68	29	-74	23	-26	14	96	47	13	77	50	-71	-53	-16	95	-62	-39	77
19	-86	76	-35	19	80	-27	16	-31	42	-5	79	-61	-82	-22	54	28	-94	-11	-64	67	64	-7	96	-55	60	-74	80	67	10	-35	-83	-27	78	-16	-11	-49	30	62	8	-98	0	-38	80	-55	96	63	-34	-46	2	-97	6	-8	-78	-67	24	83	-22	-11	76	29	0	-65	71	-50	-52	93	47	-75	-100	-93	-61	-52	-50	-70	15	-74	-91	-46	27	5	-55	-5	98	-80	44	66	82	77	90	-43	28	-8	-8	10	20	11	97	22	73
12	30	74	74	74	52	-44	-37	45	-78	0	4	58	87	37	-7	-72	13	-71	29	-76	39	-20	82	-27	-44	90	80	63	41	4	-12	-99	32	5	85	-87	14	-36	92	16	-89	-10	-10	95	-15	-84	-64	40	73	66	24	-16	-83	15	72	22	37	39	-39	-34	93	64	90	-21	23	-66	53	32	-36	-86	30	-1	-44	-20	40	-100	80	-30	7	-87	-42	7	-91	58	-72	-22	14	23	-69	69	-76	-36	-2	-5	-5	72	-59	-30	88
-72	95	73	84	-93	64	52	-62	-55	-28	-25	-84	95	68	96	-80	17	-100	53	15	-64	45	-24	-46	55	-56	46	-70	-90	48	-44	-67	78	6	-59	43	0	61	-55	-37	63	-90	-89	-83	-92	-17	92	-47	60	-11	22	-15	-28	62	-10	17	-68	-53	98	-78	30	77	46	-86	77	-86	75	24	95	-84	19	29	82	24	-21	-41	-76	-98	43	3	-29	23	-66	-80	-63	71	31	41	41	-47	-92	-97	-93	-6	-21	25	-34	58	-19	42
-56	-9	49	35	-85	-77	-4	32	-76	42	-7	65	29	80	0	-81	1	22	55	82	-43	13	37	33	-84	-79	-3	3	46	-49	34	66	52	2	-12	-52	54	35	-73	-37	-63	-8	3	80	-25	-13	-52	-54	-81	-61	-48	41	-38	-83	83	80	-38	-5	-4	13	59	-6	26	5	-50	57	3	18	-72	-5	-8	-48	72	-22	-90	-76	-80	74	37	-41	10	-39	74	7	-49	79	-84	-54	-36	-85	44	35	-56	-95	72	39	-25	-3	48	-64
-17	80	57	-16	-69	81	-12	-7	65	-1	29	-72	63	79	-6	40	-18	88	67	-82	65	18	-91	-58	29	78	-98	44	33	-59	-4	-41	-81	-9	46	7	-34	50	51	2	-60	52	-91	66	-47	40	-43	-73	35	79	75	34	-46	-70	95	-33	96	61	-66	46	9	97	-90	15	-98	86	-35	62	63	-23	51	10	-67	74	-85	-45	25	87	19	-52	39	47	20	-11	35	-37	-22	70	-63	78	-62	92	-85	-87	-30	63	-6	57	64	47
82	3	-71	53	43	-27	-47	9	-23	-57	-26	-41	-54	79	21	-71	88	-72	52	32	-26	-3	-12	76	82	28	73	-69	-72	32	-80	11	21	-30	-11	-12	23	14	-77	51	-79	3	-18	-91	-21	-59	100	83	7	-38	-79	-62	-51	62	-62	-52	93	-34	-15	-77	-33	-45	40	-81	71	88	-63	-82	67	-67	-32	-34	-80	-97	2	-67	30	-11	-52	-64	37	31	-88	-18	19	28	12	-87	7	-78	-17	59	83	-70	-39	-8	-13	49	-75	-12
39	-25	-18	11	-86	15	-86	42	-4	15	69	45	72	-25	-8	19	68	-24	-9	-37	9	-34	26	-13	49	93	21	0	20	21	-52	70	29	26	79	98	14	62	-84	-43	34	-31	66	90	92	-17	-37	81	-70	-61	-76	93	50	-91	-18	88	76	19	-91	4	-60	-57	-72	-97	-54	-95	-84	-51	-20	47	69	-11	-84	-34	15	68	52	31	13	51	-56	-8	8	7	-34	-92	6	-88	17	77	68	50	-56	-17	35	-59	-93	2	-26	35
-48	90	80	18	-61	-22	24	62	-49	-72	42	-43	46	45	-36	-35	59	6	66	-24	-51	37	-48	-92	12	98	12	-45	-32	-77	5	-56	60	93	20	91	48	36	90	-49	81	-65	56	-46	83	39	50	91	43	72	93	-33	5	25	-58	58	85	-79	95	96	-37	-56	-49	-9	42	-41	-31	20	-56	-86	-33	77	-64	-77	40	43	73	-31	-2	-1	-65	-36	-21	9	58	-79	-64	22	22	-24	62	-52	60	-47	99	69	-59	-78	-3	-3
-77	50	4	-53	19	78	-6	-97	18	-83	-67	60	7	-65	86	12	-30	41	-62	18	73	91	11	62	60	-4	52	28	-33	46	-67	-84	52	-16	-86	86	91	81	-85	-8	94	50	-39	63	53	-98	-80	-60	3	-62	-47	82	16	98	68	-89	-94	-36	18	-49	-25	-35	-17	-24	81	-17	6	-53	-45	88	73	22	-1	-82	78	99	-83	70	-74	89	-89	-62	93	33	3	69	-89	13	-78	-60	-19	-2	-27	-69	-81	100	21	-11	14	-7
0	-82	-80	-17	-62	-24	-81	-59	14	78	-86	-92	31	-58	-22	92	67	12	-54	-96	-8	51	-19	-33	-76	-11	-2	21	-6	-30	81	-18	92	-18	78	-12	20	56	6	55	-13	5	86	32	-75	6	56	93	-31	-51	0	83	-3	50	-23	-72	-25	-38	35	26	47	85	41	95	-48	81	67	-61	100	-43	-35	5	-29	-20	81	-9	-14	-28	34	70	-17	1	-12	-5	-53	9	76	-29	-11	-10	61	99	-99	-72	-20	56	100	2	42	71
-41	8	-45	95	-46	50	9	-74	-12	-27	-49	-25	36	-37	0	8	91	-60	18	75	-8	-77	12	59	-30	82	80	68	40	-78	-71	36	53	-11	-89	-29	47	-52	20	2	-47	56	57	-41	-66	71	61	-45	-5	20	15	-48	-54	15	93	-28	-73	47	63	39	-21	-34	21	88	-79	-72	83	-91	-7	29	25	-81	-76	3	-76	-88	-99	22	-79	64	-47	71	75	12	-5	42	-30	58	66	-50	-38	-51	-15	-63	-38	45	63	-61	-4	68
36	-53	-65	-35	57	16	10	38	86	3	-1	26	-92	91	28	91	10	-79	17	-67	83	67	-45	98	-79	-37	-23	-74	-97	20	-25	52	0	-18	25	-99	-3	54	31	56	72	53	22	90	-1	30	89	-2	45	60	42	-95	90	-22	16	47	72	-32	70	-66	-71	-95	44	-61	40	17	-59	16	-74	-92	7	-12	90	-20	7	-35	54	-20	16	-89	-96	50	35	-23	97	-100	-6	-48	96	49	26	-62	41	79	-43	-72	46	-97	-64	-88
-67	4	-21	-40	-50	70	-2	26	27	3	73	4	-94	-48	16	-80	26	55	20	-12	74	66	-83	-8	-96	84	-78	74	81	61	32	63	-70	48	9	-21	-65	44	-46	-85	60	14	64	-3	91	91	-13	-23	95	12	50	16	7	-3	-24	2	-15	10	43	38	43	-22	-88	23	-26	17	83	-97	-13	-42	75	-57	81	45	-32	95	-9	-76	-33	-13	-97	-49	63	-38	40	-10	17	30	64	-49	-6	-10	31	-41	-72	-68	20	-1	46	-84
-57	49	94	3	83	-65	42	-39	-100	72	77	-56	74	-83	18	53	0	100	2	39	-38	94	95	87	11	-83	-72	-36	38	-25	44	2	81	-18	49	-93	-93	-58	11	-56	25	78	14	43	67	87	55	9	-8	-94	-60	18	79	94	43	80	70	42	17	-35	97	-70	28	-8	27	-6	-39	32	-96	-98	-63	-59	80	-10	-5	-44	-7	-72	-27	-76	61	92	-91	-17	-94	99	79	22	-19	-35	41	-83	81	50	-68	-38	49	-17	-34	83
62	54	-40	-16	-78	-63	91	83	-84	92	2	19	-5	99	-49	23	-93	-74	-56	42	97	-31	-74	79	-57	-80	25	40	-82	-53	71	-72	32	87	-15	83	-76	-39	33	-62	53	52	-23	-61	43	-70	-81	-66	61	-37	75	-97	75	21	-21	-17	55	51	-82	38	20	-58	100	31	9	60	5	-15	28	1	-73	50	-60	9	45	94	-20	-91	-71	10	-26	-88	58	-76	22	20	46	-8	52	20	69	-16	-38	-13	87	-22	94	55	-56	-79